2
251
1
1
2
20
4
1	
0	
Tipo_II
Tipo_NaoII
1.82377	-10.2881	32.4626	1.88459	6.75478	-21.8599	4.23286	6.5729	-9.24016	-14.2934	-2.70974	2.32931	-24.3203	-1.59638	-1.16997	-14.7756	10.0511	13.7419	-1.7728	15.2267	
1.91213	4.87403	-0.271842	-4.26642	1.31323	-0.30984	3.14459	1.8795	2.71693	-0.277753	8.94247	3.32695	-7.60165	-2.47895	2.48233	4.08452	1.88591	1.6789	-1.90956	-7.52624	
0.130136	4.12828	-1.47829	-5.22318	1.26709	-0.390853	1.95382	1.59466	2.52248	-0.243343	7.89696	3.14909	-7.18753	-2.69878	1.38264	3.49111	1.82242	0.883727	-1.75466	-6.34184	
-1.22054	3.50751	-2.75271	-5.70141	1.1341	-0.0385449	0.570042	1.40231	2.34453	0.11986	6.69708	3.02425	-6.50807	-2.97868	-0.772977	2.61311	1.69669	0.462004	-1.76478	-5.16513	
-1.98482	2.87338	-3.76751	-5.70635	1.10086	0.666766	-0.680542	1.4201	1.87182	0.655978	5.22259	2.64576	-5.84934	-2.98614	-3.08405	1.64075	1.41755	0.0437683	-1.55593	-4.13541	
-2.75755	1.79233	-4.88005	-5.54935	1.24126	1.32279	-1.72851	1.69234	1.68225	1.57948	3.63384	2.32403	-5.2541	-3.01783	-5.59162	0.546051	1.47885	0.132119	-1.6227	-3.20191	
-3.31201	0.997461	-5.68384	-5.52458	1.3809	2.08286	-2.38966	1.79361	1.35805	2.65172	2.03978	2.13867	-4.5773	-3.128	-8.06692	-0.836457	1.41739	0.769525	-1.51858	-2.54576	
-3.75578	-0.105799	-6.464	-5.51821	1.63131	2.81517	-2.82855	1.67157	1.24011	3.60055	0.632909	2.1969	-3.57934	-2.96916	-10.3161	-2.12398	1.15265	1.67066	-1.41014	-2.21709	
-4.32671	-1.15513	-7.22855	-5.60232	2.00749	3.24519	-3.05189	1.52446	1.3587	4.61428	-0.835263	2.42512	-2.44872	-2.83725	-12.0741	-3.54092	0.999682	2.48735	-1.43806	-2.04544	
-4.80065	-1.03323	-7.48584	-5.6984	2.45601	3.5732	-2.90104	1.46515	1.37191	5.11841	-2.29087	2.61142	-1.09888	-2.75598	-12.9636	-4.62984	0.715585	3.38084	-1.46305	-2.31102	
-5.22855	1.05981	-7.54739	-5.9219	2.95114	3.466	-2.45949	1.42703	1.46571	5.59417	-3.48864	2.90916	0.59359	-2.55189	-12.927	-5.54435	0.325383	4.2974	-1.61201	-2.97521	
-5.41778	4.85043	-7.34809	-6.23245	3.48275	3.29291	-2.15417	1.52138	1.55518	5.48717	-4.39274	3.236	2.79481	-2.36964	-11.9162	-5.99571	0.329047	4.38579	-1.6073	-4.26701	
-5.38353	9.2762	-6.75331	-6.56179	3.59846	3.16432	-1.50665	2.07027	1.79098	4.72328	-4.62223	3.54628	5.845	-2.08006	-10.2899	-5.93743	0.576617	3.61845	-1.65233	-5.72448	
-5.38338	12.4257	-5.78264	-6.66002	3.54553	2.61162	-0.965203	2.7292	1.94119	3.62499	-4.19803	3.53282	9.02866	-1.9479	-8.29331	-5.54218	0.811689	2.17878	-1.75253	-7.46042	
-5.35154	13.3684	-4.37126	-7.01088	3.46909	2.25161	-0.324283	3.60157	1.8373	2.41968	-3.11009	3.1873	12.0918	-1.67284	-5.80527	-4.51368	1.35694	0.67408	-1.74004	-9.14606	
-5.16831	11.9352	-2.90048	-6.99203	2.9433	1.90152	0.0918181	4.60714	1.89233	1.25588	-1.43878	2.9634	14.7454	-1.74025	-3.12346	-3.37568	2.09245	-1.31633	-1.74179	-10.2946	
-4.79331	8.55925	-1.21634	-6.93765	2.51772	1.66186	0.150318	6.05559	1.75864	0.0206598	0.604439	2.22579	16.9032	-1.56988	-0.607427	-1.9789	2.78076	-3.57825	-1.78478	-11.2612	
-4.25221	4.12852	0.542595	-6.72634	1.90669	1.72666	0.133866	7.21397	1.81268	-1.08037	3.06402	1.49766	17.8611	-1.58144	1.66281	-0.795238	3.66773	-5.56481	-1.9212	-11.8498	
-3.7453	-0.274182	1.93501	-6.65198	1.50149	1.78936	-0.0860056	8.05292	1.78454	-1.73098	5.12417	0.950448	17.0061	-1.79233	3.51155	0.0354018	4.16141	-6.90442	-1.89541	-11.6639	
-3.3086	-4.05087	2.85629	-6.46699	1.07082	1.78708	-0.142406	8.30544	1.76676	-2.03315	6.89605	0.317535	14.8232	-1.86751	4.92197	0.592794	4.26442	-7.52562	-2.09664	-11.0172	
-2.73082	-6.24925	3.26714	-6.01426	0.868766	1.90363	-0.506796	8.0164	1.90959	-1.87586	7.84972	-0.0267772	11.4132	-1.94311	5.54431	0.537303	4.14285	-7.15162	-1.9739	-9.61377	
-2.40525	-7.06681	3.06533	-5.8209	0.76471	2.02576	-0.662669	6.93767	2.10271	-1.76143	8.13675	-0.336268	7.04037	-2.23078	5.68702	-0.0786865	3.71542	-5.8762	-2.02748	-8.0107	
-1.89286	-5.50924	2.55862	-5.51352	0.719062	1.74801	-0.476112	5.26411	2.30155	-1.15229	7.52572	-0.259977	2.43793	-2.33224	5.2811	-1.06242	2.55175	-3.96486	-1.98476	-6.00994	
-1.68442	-2.77298	1.69938	-5.246	0.625024	1.2022	0.0569639	2.95423	2.69373	-0.87009	6.15929	0.0517042	-2.07139	-2.6173	5.0032	-2.50583	1.39226	-1.29332	-2.17428	-3.95197	
-1.32573	0.319554	0.778452	-4.85443	0.898898	0.55624	0.729602	0.632869	2.87841	-0.510969	4.19154	0.333014	-5.86596	-2.83696	4.73563	-3.90397	-0.240912	1.53983	-2.10503	-2.0738	
-1.22388	3.05749	-0.146133	-4.40796	0.98124	-0.259289	1.16599	-1.84481	3.01313	-0.115816	1.92539	0.999024	-8.94395	-2.81315	4.61652	-5.49726	-1.73133	4.10955	-2.06442	-0.289462	
-0.976938	5.51974	-0.781899	-4.04875	0.895263	-1.19804	1.66397	-4.10261	3.20932	0.144822	-0.359939	1.35103	-10.9834	-2.77766	4.63939	-6.66105	-2.95164	6.46147	-2.01723	0.981361	
-0.817752	6.42374	-0.926199	-3.60083	0.778277	-2.00672	1.59229	-5.77406	3.28569	0.54962	-2.52705	1.41233	-11.7748	-2.71617	4.44052	-7.39273	-3.93595	8.40312	-1.82869	2.00457	
-0.480147	5.07606	-0.666764	-3.21378	0.520267	-2.37886	1.37354	-6.80506	3.08158	0.928355	-4.19889	1.13791	-11.3044	-2.6258	3.98311	-7.52582	-4.36702	9.51006	-1.69664	2.67073	
0.16859	2.47469	-0.0749611	-2.43133	-0.0558778	-2.59559	1.07532	-7.13532	2.71819	1.28254	-5.21615	0.758427	-9.95849	-2.22672	3.361	-6.93395	-4.43261	10.0045	-1.61745	3.30386	
0.747588	-0.635445	0.64855	-1.69384	-0.692855	-2.29241	0.489726	-6.84227	2.11727	1.61432	-5.79826	-0.0459973	-8.06426	-1.9273	2.06911	-6.1541	-4.10168	9.70315	-1.52753	3.8106	
1.69518	-3.3882	1.45135	-0.891323	-1.2994	-1.76956	-0.109531	-6.17889	1.55666	1.85499	-5.48939	-1.01435	-5.74544	-1.47243	0.386414	-4.73999	-3.36931	8.70121	-1.25271	4.34766	
2.59683	-4.91965	2.44144	-0.159312	-1.9748	-0.743911	-0.566698	-5.16661	0.807339	2.28137	-4.82081	-2.04418	-3.41012	-0.803558	-1.56981	-3.33062	-2.51181	7.13998	-0.944546	4.68903	
3.59322	-5.13243	3.09357	0.638784	-2.71363	0.32627	-0.818072	-4.00722	-0.121676	2.47812	-3.81561	-3.04717	-1.45902	-0.303745	-3.84432	-1.72985	-1.65591	5.20413	-0.754545	4.92232	
4.62257	-3.62967	3.71808	1.53917	-3.24535	1.46743	-1.09861	-2.7359	-0.876538	2.63502	-2.72038	-3.74088	0.186669	0.16507	-6.26367	-0.523658	-0.479927	3.29217	-0.601366	5.3548	
5.51153	-1.2035	4.01939	2.29759	-3.86557	2.52716	-1.07928	-1.81669	-1.59136	2.76454	-1.66967	-4.11832	0.928827	0.639063	-8.52393	0.576373	0.45952	1.60478	-0.360375	5.33803	
6.131	0.61898	4.39275	2.8384	-4.06708	3.14366	-0.907727	-1.08363	-2.24407	2.56162	-0.675885	-4.36368	0.961686	1.0203	-10.4653	1.1438	1.1687	-0.0627875	-0.0498767	5.2297	
6.8454	0.73206	4.38443	3.3199	-4.05654	3.49713	-0.645343	-0.551015	-2.75453	2.27297	0.327977	-4.37035	0.447089	1.27813	-12.0586	1.14019	1.6863	-1.18475	0.11672	5.02036	
7.08683	-0.830421	4.38787	3.50358	-3.93363	3.37008	-0.630417	-0.262689	-3.09471	1.92738	1.15147	-4.37167	-0.739079	1.27485	-13.1659	0.945698	2.09952	-1.79489	0.17356	4.87333	
7.06097	-4.08136	4.41286	3.64217	-3.36011	2.65859	-0.577042	-0.381414	-2.87999	1.66219	1.64606	-3.95921	-2.03035	1.28052	-13.0148	0.180468	1.83766	-1.90784	0.220476	4.3412	
6.67247	-7.41567	4.18098	3.57635	-2.66314	1.55516	-0.284994	-0.357386	-2.49058	1.34291	2.18387	-3.3162	-3.51033	1.1128	-12.0962	-0.954749	1.29969	-1.62603	0.0388649	3.41496	
5.99608	-10.6772	3.68773	3.42347	-2.07353	0.538768	-0.0771259	-0.564677	-1.72129	0.867842	2.36425	-2.83682	-4.62297	0.800759	-10.5961	-1.92753	0.790691	-1.17413	-0.165805	2.63245	
5.27198	-12.897	3.22635	3.06672	-1.33114	-0.696696	0.0467106	-0.826649	-1.06902	0.514566	2.23452	-2.17821	-5.23308	0.498022	-8.72714	-2.8625	0.0222027	-0.719311	-0.265548	2.02794	
4.33061	-13.8232	2.73289	2.83527	-0.599226	-1.70846	0.270829	-0.949236	-0.212668	0.0100634	1.93577	-1.49877	-5.20971	0.218706	-6.87564	-3.32835	-0.652347	-0.0552584	-0.669866	1.59722	
3.37365	-13.0683	2.44932	2.71634	-0.113069	-2.34491	0.424009	-0.899314	0.601638	0.082799	1.47703	-1.1598	-4.32844	-0.127592	-5.23953	-3.59741	-1.09221	0.26623	-0.810579	1.51451	
2.4205	-10.3185	2.12694	2.52478	0.0305919	-2.46825	0.468805	-0.393178	1.23232	0.065131	0.910293	-0.910885	-2.64241	-0.173103	-4.13135	-3.21823	-1.06793	0.275358	-1.04008	1.4699	
1.50249	-6.30303	1.98724	2.55678	0.0135421	-2.0257	0.209367	0.102179	1.59031	0.517709	0.393291	-0.924926	-0.754279	-0.0827016	-3.10347	-2.32091	-0.714663	0.104967	-1.16606	1.68885	
0.874563	-1.79279	1.99565	2.39653	-0.347783	-1.17963	0.0503188	0.90861	1.55777	0.890956	0.044498	-1.01956	1.42415	-0.170162	-2.20864	-1.04615	-0.255581	-0.354301	-1.11875	1.68678	
0.040431	2.25414	2.33046	2.11007	-0.666112	-0.1614	-0.0129014	1.52028	1.58862	1.36666	-0.176593	-1.12849	3.3625	0.0376969	-1.35379	0.387068	0.359119	-0.929449	-1.23512	1.62423	
-0.447905	5.00128	2.71488	1.80155	-1.1631	0.910482	-0.625642	2.05877	1.40851	2.11941	-0.180639	-1.44445	5.0203	0.326522	-0.473954	1.98984	1.2151	-1.38616	-1.13061	1.28775	
-1.0246	6.38124	3.13978	1.27019	-1.73283	2.0845	-1.17642	2.57524	1.08635	2.66075	0.0191377	-1.65124	6.23142	0.532382	-0.0502416	3.34048	1.74825	-2.01243	-1.06087	0.8934	
-1.26118	6.81024	3.32398	0.76126	-2.05847	3.07908	-1.73789	2.79511	0.647959	3.27053	0.232027	-1.9487	7.05202	0.653693	0.518337	4.34702	2.1359	-2.45576	-0.901304	0.156161	
-1.42739	6.46103	3.39128	0.173151	-2.43937	3.92173	-2.47906	2.74274	0.301827	3.84156	0.436478	-2.13603	7.33027	0.736418	0.983984	4.85073	2.2293	-2.31461	-0.719027	-0.707328	
-1.54081	6.05042	3.14938	-0.556697	-2.33478	4.19065	-3.09898	2.58315	-0.00360657	4.25397	0.720272	-2.21061	7.07504	0.635296	1.5639	5.15349	1.93812	-2.03232	-0.643871	-1.65373	
-1.43188	6.17633	2.62676	-1.26137	-2.29039	4.41221	-3.64232	2.07153	-0.0720429	4.53331	0.782748	-2.32974	6.26677	0.621802	2.19665	4.91805	1.5642	-1.47236	-0.440841	-2.68685	
-1.16859	7.09377	1.61965	-2.06422	-2.01158	4.24092	-3.91282	1.43252	-0.251167	4.70857	0.69258	-1.98875	4.95056	0.389676	2.75261	4.23612	0.826398	-0.784695	-0.599361	-3.55877	
-0.912453	8.95504	0.648226	-2.70441	-1.56883	3.86982	-4.12166	0.979276	-0.295658	4.67994	0.735319	-1.87361	3.37876	0.0122122	3.21859	3.52844	0.299078	-0.0418938	-0.550894	-4.33109	
-0.568786	11.2964	-0.504616	-3.34676	-1.00816	3.49472	-4.24485	0.796635	-0.275239	4.42132	0.613302	-1.6987	1.64756	-0.203216	3.921	2.93112	-0.174742	0.562117	-0.737963	-4.77365	
-0.286125	13.3007	-1.62169	-3.61166	-0.528171	3.0561	-4.06417	1.12889	-0.0669929	4.08111	0.489892	-1.33583	0.17273	-0.593486	4.44877	2.15174	-0.102833	0.95992	-0.833395	-4.9656	
0.180183	14.2768	-2.49143	-4.03655	0.118898	2.72929	-3.91701	1.58609	0.0982738	3.62873	0.469402	-1.1783	-1.28309	-0.764988	4.90884	1.66385	0.0475854	1.04445	-1.10186	-4.70148	
0.472664	14.0532	-3.04063	-4.05943	0.723597	2.61628	-3.57813	2.35629	0.260183	3.05779	0.679713	-0.876812	-2.73591	-1.14847	5.03173	1.0575	0.623164	0.744784	-1.21668	-3.95514	
0.477669	12.1088	-3.38412	-3.98362	1.05852	2.54981	-3.13405	3.19205	0.716754	2.62432	0.913713	-0.429971	-3.52258	-1.37088	5.12115	0.482617	1.23665	0.13399	-1.53495	-2.98722	
0.700997	9.21246	-3.31088	-4.01111	1.53703	2.4893	-2.85558	3.98511	0.957734	2.52805	1.42976	-0.162731	-3.97273	-1.56633	4.71755	-0.0536878	1.93313	-0.840062	-1.67488	-1.99456	
0.653953	5.88186	-3.13395	-3.7609	1.93908	2.50812	-2.33322	4.46723	1.37668	2.23089	2.03839	0.232737	-3.49288	-1.69762	4.16376	-0.619314	2.45349	-2.02458	-1.84581	-0.969335	
0.459282	2.12092	-2.78513	-3.42383	2.22997	2.58379	-1.60471	4.64627	1.69539	2.22464	2.72153	0.667899	-2.39535	-1.93626	3.38894	-1.23521	2.69449	-3.36514	-1.9475	-0.302883	
-0.0269928	-0.927445	-2.36679	-3.22342	2.33108	2.24439	-0.72418	4.37232	1.94337	2.1288	3.25659	1.36408	-1.03928	-1.90688	2.59609	-1.89398	2.56314	-4.45507	-1.98593	0.409212	
-0.483256	-2.7188	-2.25539	-2.94926	2.52182	1.93918	-0.0820616	3.50733	2.24706	2.28201	3.73298	1.79384	0.607336	-2.08648	1.47879	-2.56932	1.89354	-5.02183	-1.87974	0.523888	
-0.963907	-2.3068	-2.23801	-2.81556	2.43062	1.24484	0.709044	2.46404	2.42722	2.45613	3.92883	2.10338	1.85489	-2.03035	0.700813	-3.13523	1.00819	-4.83438	-1.74922	0.286068	
-1.62644	0.536339	-2.48819	-2.55888	2.33913	0.518039	1.3476	1.0219	2.34941	2.95436	3.99608	2.38358	2.29818	-1.94317	-0.0293413	-3.80122	-0.467179	-4.15081	-1.71861	-0.345984	
-2.26203	5.31436	-2.85108	-2.33215	2.14643	-0.336831	1.82325	-0.394737	2.48097	3.66202	3.87145	2.55204	1.60436	-1.89164	-0.282922	-4.12936	-1.78069	-2.81679	-1.33737	-1.30386	
-2.8167	11.9104	-3.2366	-2.16248	1.89595	-1.35835	2.31152	-1.78323	2.23156	4.22276	3.41203	2.24201	-0.214671	-1.98052	0.0459269	-4.44017	-3.21803	-0.887082	-1.09998	-2.36411	
-3.23864	19.1972	-3.57035	-2.18201	1.54728	-2.18159	2.43763	-2.79791	2.10967	4.76593	2.80988	1.88293	-2.97829	-1.9055	0.846851	-4.53104	-4.43937	1.25096	-0.941269	-3.24348	
-3.51452	26.0106	-3.91118	-2.05258	1.11341	-3.00056	2.82447	-3.54433	2.04323	5.11222	1.95107	1.49719	-6.64946	-1.77935	2.04015	-4.65776	-5.24655	3.49654	-0.563074	-3.69921	
-3.62619	32.1785	-4.2836	-2.20309	0.861513	-3.79353	3.16778	-4.15255	1.88541	5.44008	0.80791	1.2243	-10.3931	-1.92386	3.51242	-4.47631	-5.73716	5.49915	-0.393704	-4.08676	
-3.80461	37.1483	-4.53018	-2.41538	0.541118	-4.28603	3.62556	-4.62183	1.97373	5.57943	-0.488764	0.931691	-13.68	-1.84286	4.99384	-4.4409	-5.8843	7.12993	-0.443101	-4.16729	
-3.89685	40.8333	-4.63838	-2.7167	0.293487	-4.92239	4.05628	-4.55392	2.00278	5.52866	-1.77398	0.713558	-16.1295	-1.83301	6.53076	-4.24796	-5.75788	8.35737	-0.411947	-4.01447	
-4.00552	43.141	-4.82745	-3.19323	0.305784	-5.21321	4.70913	-4.73672	1.94066	5.53497	-3.13376	0.958795	-18.0821	-1.75309	7.80521	-4.19465	-5.24229	9.06123	-0.605308	-3.77968	
-4.44629	43.9975	-5.15238	-3.62228	0.40783	-5.74838	5.38376	-4.66487	1.92578	5.63794	-4.4082	1.23274	-18.9276	-1.62735	9.07546	-3.82549	-4.7158	9.23467	-0.726401	-3.80694	
-4.75176	43.7409	-5.63684	-4.01997	0.299525	-5.95826	5.96624	-4.79361	2.03009	5.72913	-5.80807	1.60844	-19.2873	-1.67072	10.1136	-3.62045	-4.43723	9.36723	-0.687976	-3.75693	
-5.03793	43.2541	-6.29533	-4.40589	0.578812	-6.36219	6.41581	-4.91557	2.04898	5.97873	-6.90125	1.97032	-19.2806	-1.49096	11.0077	-3.42756	-4.26514	9.44935	-0.890773	-3.83026	
-5.47607	42.5932	-7.25819	-4.61474	0.588669	-6.58451	6.84135	-5.04178	2.18837	6.37352	-7.90252	2.52266	-18.9381	-1.56755	11.6449	-3.32778	-4.5302	9.4293	-0.988702	-3.79788	
-5.73159	41.8489	-8.21953	-4.91453	0.782315	-7.06464	7.04125	-5.60582	2.12118	6.7943	-8.51395	3.26394	-18.479	-1.56123	11.9802	-3.31272	-4.99277	9.44943	-1.1063	-3.59284	
-5.64714	40.6426	-9.01492	-4.95672	0.838103	-7.09187	6.87421	-5.94959	2.07579	7.07033	-8.89308	3.50273	-17.6847	-1.46731	12.3382	-3.41497	-5.66281	9.17469	-1.13453	-3.08472	
-5.33283	37.9434	-9.46907	-4.72995	1.02898	-7.1735	6.42815	-6.3659	2.0325	7.15521	-8.56299	3.76523	-16.5981	-1.45759	12.2511	-3.41435	-6.30915	8.74859	-0.946584	-2.20904	
-5.01979	33.2618	-9.39955	-4.21959	0.918253	-7.00627	5.7257	-7.02572	2.11989	6.93021	-8.15509	3.70082	-15.32	-1.25373	11.424	-3.41552	-6.77649	7.89759	-0.987146	-0.889644	
-4.29779	27.2579	-9.07264	-3.74023	0.85745	-6.75103	4.86057	-7.41882	1.98044	6.406	-7.42231	3.29668	-13.4277	-1.27767	10.246	-3.32391	-6.87995	6.91755	-0.682441	0.849263	
-3.47964	20.0008	-8.10867	-2.96872	0.675222	-6.46606	3.97824	-7.97033	1.71602	5.27852	-6.74486	2.9734	-11.675	-1.13672	8.30468	-3.32167	-7.07573	6.00948	-0.507314	2.81981	
-2.61276	11.9833	-7.01851	-2.25795	0.661804	-6.23191	3.3113	-8.35749	1.42321	3.7788	-5.95723	2.70478	-9.58282	-0.9836	5.86231	-3.38653	-6.8108	5.05924	-0.388768	4.82414	
-1.76697	3.48906	-5.55731	-1.40947	0.477538	-5.90486	2.83129	-8.77841	1.19972	2.10108	-5.44654	2.20528	-7.40485	-0.898303	3.28736	-3.53708	-6.4509	4.0151	-0.201429	6.5888	
-0.983536	-5.03792	-3.91269	-0.616245	0.546001	-5.91142	2.4474	-8.92752	0.828791	0.377218	-5.05292	1.89934	-5.40578	-0.870428	0.664767	-3.56027	-5.81911	3.32782	0.139081	8.00256	
-0.454747	-12.4581	-2.37096	-0.0722362	0.52387	-5.59	2.14446	-8.88827	0.62451	-1.30966	-4.63575	1.34784	-4.04518	-0.816578	-1.77666	-3.39387	-5.09233	2.81821	0.227679	9.00632	
0.167991	-18.599	-0.971533	0.417178	0.519061	-5.18211	1.91343	-8.52795	0.37682	-2.81009	-4.26786	0.778587	-3.25326	-0.695756	-3.90405	-3.31156	-4.15779	2.56698	0.476658	9.21045	
0.649089	-23.2247	0.0920258	0.891011	0.577262	-4.53632	1.81298	-8.09538	0.0214024	-3.75368	-3.88036	0.375134	-2.81926	-0.542617	-5.4678	-3.00464	-3.27062	2.63761	0.429469	8.85361	
1.22999	-26.5431	0.852733	0.919888	0.715941	-3.94851	1.59924	-7.32408	-0.120213	-4.08998	-3.37546	-0.0633092	-2.69818	-0.523526	-6.50535	-2.60737	-2.61862	2.76226	0.386773	8.28464	
1.65084	-28.4329	1.28741	0.972392	1.01991	-2.92959	1.22175	-6.25074	-0.153178	-4.12037	-2.73329	-0.39671	-2.04564	-0.405619	-6.84265	-2.31266	-1.84169	2.62314	0.410543	7.4562	
2.04337	-29.7388	1.46616	0.821463	1.45855	-1.89115	1.04445	-4.95756	-0.162948	-3.76029	-1.8251	-0.464212	-0.787763	-0.242512	-6.46027	-1.62545	-1.21613	2.34838	0.277583	6.37545	
2.0473	-30.486	1.37345	0.674247	1.81599	-0.512899	0.95647	-3.58711	-0.280648	-3.20384	-0.860592	-0.393217	1.42771	0.0914863	-6.02862	-0.965449	-0.665744	1.45869	0.143068	5.60627	
2.03796	-31.6585	1.40589	0.450964	2.1725	0.690861	0.886116	-2.25207	-0.148876	-2.64686	0.386593	-0.410364	4.46209	0.243491	-5.53703	-0.231653	0.0355749	0.318894	-0.091125	4.93115	
1.52762	-33.763	1.29811	0.136005	2.40811	1.83364	1.12463	-0.640422	-0.0140044	-2.07827	1.5794	0.183034	8.29423	0.766059	-5.18667	0.766204	0.85018	-1.41346	-0.292091	4.80865	
0.992165	-36.8182	1.53404	0.0355211	2.64187	2.90603	1.37122	1.0702	-0.0283803	-2.05711	3.12891	0.72466	12.8309	1.12772	-5.03115	1.49477	1.4946	-3.34145	-0.359766	4.95448	
0.234613	-40.8047	1.99812	-0.312977	2.73659	3.73914	2.02728	2.92459	-0.0926902	-2.42648	4.54944	1.15564	17.5478	1.54079	-4.61859	2.45597	2.31185	-5.64347	-0.575008	5.18841	
-0.280935	-45.1953	2.68658	-0.485456	2.79777	4.62281	2.69854	4.52422	-0.226805	-3.31279	5.95831	1.15541	21.3353	2.00297	-4.33425	3.16931	3.15571	-7.97414	-0.62494	5.68133	
-0.951262	-49.3891	3.79072	-0.559679	2.38729	5.28849	3.23221	5.94734	-0.310141	-4.46292	7.29252	0.872323	24.0736	2.44716	-4.09349	3.98253	4.28346	-10.3195	-0.681237	6.16945	
-1.21124	-52.5531	5.05865	-0.391271	1.77182	5.76014	3.74258	7.15957	-0.229025	-5.96163	8.15459	0.303898	25.4169	2.78442	-3.57923	4.55585	5.23239	-12.0204	-0.575821	6.36692	
-1.23728	-53.4618	6.61697	-0.51398	1.28809	6.18553	4.11228	8.04661	-0.258037	-7.60675	8.93593	-0.347493	25.6125	2.89641	-2.96839	5.02241	6.07691	-13.4756	-0.577261	6.09029	
-0.908005	-53.2223	8.07243	-0.42694	0.426725	6.53843	3.96734	8.54497	-0.0281008	-9.29031	9.35381	-1.36013	25.4373	3.05841	-1.93438	5.2737	6.79433	-14.4666	-0.359604	5.47356	
-0.229991	-51.865	9.48123	-0.148415	-0.145739	6.88344	3.72058	8.64989	0.194632	-10.8713	9.77431	-2.31687	24.9032	3.03555	-0.933229	5.13012	7.13722	-15.0716	-0.366531	4.62277	
0.686912	-50.0377	10.801	-0.0776935	-0.957977	7.2418	3.22708	8.65912	0.286903	-12.2557	9.9237	-2.97815	24.8496	2.93375	0.252323	4.87092	7.31828	-15.5677	-0.218452	3.78299	
1.52403	-47.8237	11.7078	0.0371943	-1.49768	7.59325	2.34343	8.39148	0.559734	-13.1933	10.2534	-3.71498	25.2999	2.71492	0.967683	4.78504	7.22032	-15.9685	-0.246952	2.75087	
2.4032	-44.5957	12.0491	0.0636437	-2.04304	7.81671	1.52444	7.77774	0.702531	-13.558	10.3851	-4.217	25.7043	2.53737	1.66845	4.54945	6.84136	-15.8141	-0.0609377	2.15926	
3.02527	-40.2185	12.086	0.410283	-2.57897	8.2245	0.563516	7.2733	0.507753	-13.119	10.7904	-4.74351	26.2059	2.30313	2.07535	4.86508	6.11133	-15.5537	0.0061449	1.8129	
3.67125	-36.081	11.6213	0.497408	-3.18633	8.66288	-0.358796	6.78851	0.117517	-12.1814	11.1202	-5.18719	26.3386	2.21872	2.30458	5.56844	5.70969	-15.4097	0.2592	1.50628	
3.69224	-31.5034	10.8731	0.6291	-3.8008	9.13518	-1.21672	6.23643	-0.270829	-11.0052	11.7581	-5.69755	25.7115	2.11597	2.31494	6.57252	5.43494	-15.2615	0.391135	1.40348	
3.56383	-27.3365	9.74562	0.663855	-4.45178	9.30243	-1.93626	5.93986	-1.04451	-9.8232	12.2749	-6.29387	24.1982	2.15964	2.08944	7.83004	5.36523	-15.0798	0.571772	1.63458	
3.09715	-23.5511	8.13432	0.429422	-4.75827	9.42987	-2.46182	5.73803	-1.64087	-8.67187	12.6949	-6.7885	21.6446	1.92995	1.76337	9.27452	5.40769	-14.7973	0.846205	1.95803	
2.05802	-19.9038	6.27853	0.316539	-4.96752	8.88149	-2.77063	5.20934	-2.32869	-7.42314	12.7627	-6.9367	17.9617	1.93898	1.546	10.3204	5.64474	-14.2138	0.855178	2.42386	
1.00719	-16.1994	3.97412	-0.0358082	-4.65671	8.00702	-2.56601	4.62202	-2.75614	-6.55062	12.2073	-6.56301	13.395	1.84852	1.2749	10.9391	5.60588	-12.9703	0.981909	3.07622	
-0.162564	-12.0847	1.61347	-0.183612	-3.93926	6.56052	-1.65172	3.98547	-2.85921	-5.60133	10.9478	-5.91679	7.94912	1.4968	1.27918	10.7215	5.34166	-11.4035	0.87145	3.69159	
-1.53484	-7.15083	-0.859068	-0.193141	-2.93738	4.81299	-0.484822	3.14094	-2.72683	-4.94481	9.20057	-4.69596	2.50689	1.00167	1.54055	9.76401	4.83256	-9.58901	0.701832	4.08758	
-2.43891	-1.86912	-3.2312	-0.246581	-1.28562	2.72964	1.31045	2.31581	-2.5139	-4.45843	7.09237	-3.24069	-2.48011	0.606395	2.38116	7.94916	3.88758	-7.68858	0.410988	4.23898	
-3.39319	3.11337	-5.01905	-0.000684116	0.665261	1.00153	3.08803	1.62238	-1.98977	-4.22872	4.8637	-1.55503	-6.11978	0.149784	3.5967	5.73123	2.87738	-5.91651	0.265536	4.13083	
-3.96892	7.13667	-6.02375	0.532164	2.58394	-0.435976	5.0175	1.3169	-1.28545	-4.25167	3.13349	0.232223	-7.61461	-0.33902	4.86923	3.42113	1.95266	-4.6868	0.0659624	3.61729	
-3.97817	9.40271	-6.01974	1.3068	4.32337	-1.11333	6.67574	1.40825	-0.927691	-4.37851	1.90668	1.62618	-7.05337	-0.47424	5.88674	1.26247	1.37204	-4.4028	-0.0366539	2.77566	
-3.57242	9.43946	-5.35451	2.15508	5.50243	-0.819482	7.60753	2.08057	-0.53308	-4.62537	1.53054	2.50007	-4.26133	-0.483625	6.29819	-0.235469	0.997882	-4.71677	-0.120572	1.77901	
-2.75039	6.58592	-4.08264	3.31227	6.31501	0.295922	7.8727	3.10183	-0.46226	-4.93255	1.7276	2.68077	0.601373	-0.356759	6.4653	-0.895854	1.23436	-6.07803	0.0348515	0.634953	
-1.42821	1.32766	-2.30222	4.43649	6.62101	2.18367	7.39729	4.36418	-0.846913	-5.14058	2.87518	2.19736	6.80185	0.13841	5.42813	-0.542794	1.77006	-7.97993	0.334436	-0.584301	
0.156726	-6.56296	-0.206666	5.47076	6.20186	4.8733	6.19193	5.78103	-1.32577	-5.26582	4.56547	0.963516	13.9539	0.878341	3.2248	0.302117	2.69374	-10.4691	0.571916	-1.62642	
0.421656	-2.69736	1.07736	-2.58138	3.23191	-3.9011	-2.93777	-3.3566	0.157315	3.44998	-4.91744	1.93892	-8.8712	0.690965	-3.43486	-1.79322	-3.65252	10.9754	-0.0725837	3.80717	
0.56669	-4.5025	0.15211	-2.28897	3.17019	-3.81285	-2.59259	-3.40062	0.0525855	3.43253	-4.59387	1.86814	-7.85	0.900744	-4.23427	-1.40905	-2.73151	10.028	-0.178176	4.03896	
0.554947	-6.12506	-0.663766	-2.10947	2.99752	-3.57126	-2.6324	-3.27355	0.143203	3.26444	-3.88582	1.88914	-6.90406	1.00326	-5.4952	-0.946066	-1.86293	9.05419	-0.0835785	4.27631	
0.25183	-7.82628	-1.43648	-2.10435	2.91943	-3.20922	-2.66907	-3.01171	0.158987	3.52186	-3.39055	1.89474	-6.08661	1.0609	-7.27944	-0.393064	-0.922972	7.98145	-0.0834527	4.32795	
-0.19076	-8.6519	-1.91339	-2.08656	3.11292	-2.59499	-3.08381	-2.58246	0.120991	3.52216	-2.90714	1.91631	-5.63682	1.16142	-8.81519	-0.000412243	0.201106	7.15139	-0.160085	4.47378	
-0.656805	-8.69571	-2.30994	-2.44695	3.31833	-2.02343	-3.38726	-2.2442	0.202509	3.80906	-2.82801	2.07868	-5.46723	1.13502	-10.6091	0.277799	1.01457	6.3899	-0.36449	4.3687	
-1.33915	-7.42832	-2.56133	-2.55517	3.579	-1.65589	-3.62802	-1.91881	0.400176	4.07052	-2.98433	2.43594	-5.57933	1.09368	-12.1252	0.409279	1.82943	5.67559	-0.331594	4.29893	
-1.73872	-5.11334	-2.631	-2.51982	3.704	-1.42518	-4.00058	-1.46573	0.632105	4.12667	-3.60961	2.71551	-5.8464	1.02357	-13.2782	0.239535	2.29592	5.26039	-0.567097	4.12878	
-1.99711	-1.8326	-2.54546	-2.50478	4.06123	-1.27102	-4.19536	-1.17893	0.90818	4.13863	-4.25583	3.09049	-5.88855	0.851922	-13.9599	-0.00848509	2.53187	4.82734	-0.507139	3.92131	
-1.95434	1.90608	-2.22782	-2.30507	4.2473	-1.26369	-4.07838	-0.85653	1.27071	4.26127	-4.68176	3.47514	-5.55276	0.549357	-13.8026	-0.24764	2.72784	4.35938	-0.58826	3.8571	
-1.71539	4.99032	-1.92853	-1.99995	4.24115	-1.30144	-3.99516	-0.320079	1.41241	4.03031	-4.86347	3.57782	-4.77641	0.396706	-13.0428	-0.732585	2.74672	3.74564	-0.511349	3.5869	
-1.49296	6.69056	-1.25901	-1.67159	4.27265	-1.32731	-3.53914	0.223499	1.65903	3.86134	-4.76778	3.53453	-3.12349	0.255988	-12.1186	-0.849188	2.59466	2.99083	-0.506873	3.37351	
-1.25336	6.3433	-0.855338	-1.27117	4.16151	-1.22566	-3.29265	0.858892	1.68019	3.65544	-4.0058	3.5354	-1.42116	0.210003	-10.8846	-0.838938	2.38391	2.02501	-0.328071	2.95145	
-1.1489	3.28149	-0.233997	-1.12787	3.92625	-0.745286	-2.7456	1.53614	1.355	3.2302	-2.63925	3.18513	0.791419	0.247116	-9.44304	-0.225936	2.24842	1.17882	-0.336168	2.69627	
-1.12417	-2.90753	0.376972	-1.22261	3.54559	-0.140042	-2.23598	2.03995	0.858263	2.53583	-1.12333	2.67528	3.12338	0.522791	-8.44475	0.985822	2.11422	0.0932972	-0.114504	2.52172	
-1.2469	-11.8462	0.822135	-1.24987	3.07041	0.549644	-1.8668	2.51592	0.219588	1.97381	0.728251	2.14349	5.34174	0.875019	-8.05504	2.42354	2.09519	-0.722448	0.0812299	2.70162	
-0.93821	-23.0558	1.32594	-1.34329	2.48064	1.55064	-1.43358	2.8129	-0.370442	1.35403	2.56331	1.53154	7.24033	1.14036	-8.14095	4.15148	1.8542	-1.41213	0.227062	3.17312	
-0.588764	-33.6383	1.34209	-1.60329	1.93834	2.32276	-1.36	3.08849	-1.04873	0.78784	3.76493	0.95549	8.33277	1.65587	-8.58757	5.82263	1.78729	-1.79375	0.392229	3.8453	
0.498829	-42.3766	1.19721	-1.47035	0.961707	2.99149	-1.47699	2.92746	-1.70596	0.364589	4.29015	0.316197	8.1438	2.10142	-9.44436	7.05438	1.46951	-1.83887	0.568623	4.6349	
2.09599	-46.9709	0.752321	-1.10248	-0.0949394	2.98891	-1.81935	2.47368	-2.17776	0.330558	4.10612	-0.341242	6.89816	2.43023	-10.3141	7.8014	0.938735	-1.43128	0.800354	5.2644	
4.41888	-47.0331	-0.0348636	-0.470837	-1.13541	2.61572	-2.29541	1.91092	-2.30979	0.306403	2.78754	-0.847108	4.48719	2.64487	-11.0452	7.68634	0.285988	-0.672086	1.12815	6.11411	
6.74888	-41.9741	-1.29845	0.435502	-2.06785	1.43492	-2.70743	1.27113	-2.15836	0.533488	0.622208	-1.18312	1.01889	2.66509	-11.2448	6.6868	-0.476077	0.581581	1.27311	6.65129	
9.25413	-32.5762	-2.51574	1.23362	-2.92936	-0.0685314	-2.89447	0.312594	-1.84539	1.12459	-2.29749	-1.27141	-3.10684	2.33842	-10.6507	4.96764	-1.55195	2.41986	1.32598	7.07399	
10.9909	-19.2449	-3.80983	2.03735	-3.52061	-1.87007	-3.12963	-0.749711	-1.37019	1.94751	-5.31042	-1.38122	-7.8516	1.95913	-9.03909	2.70634	-2.82941	4.50569	1.50702	7.18938	
11.871	-3.96493	-5.1951	2.38875	-3.5209	-3.85426	-2.97036	-2.0225	-0.754673	2.86998	-8.55095	-1.11704	-12.4449	1.32757	-6.93123	0.166506	-4.05546	6.69572	1.23646	6.97449	
11.0549	11.189	-6.36736	2.04912	-3.00332	-5.50575	-2.22607	-3.20786	-0.235852	4.07456	-11.5531	-0.504256	-16.5351	0.550373	-4.30363	-2.28291	-5.35807	8.90988	0.939696	6.31684	
9.14248	24.4647	-7.11049	1.51284	-2.24388	-6.85694	-1.45571	-3.97748	0.30394	5.18148	-13.778	0.300631	-19.631	-0.22275	-1.78666	-4.54271	-6.31424	10.9243	0.619337	5.82042	
6.29057	33.9156	-7.4651	0.714653	-1.30145	-7.40349	-0.508541	-4.55158	0.563523	6.19036	-14.9799	1.04995	-21.2251	-0.938114	0.26486	-6.38749	-6.95953	12.1914	0.31901	4.98027	
3.10216	39.0796	-7.22637	0.0623994	-0.196497	-7.40715	0.362809	-4.55734	0.345111	6.9737	-15.3618	1.95924	-21.2966	-1.35732	1.51473	-7.39491	-7.29685	12.7887	0.0122162	4.08874	
0.0794582	39.9878	-6.22589	-0.227512	0.662855	-6.52012	0.918092	-3.87923	-0.0495332	7.27941	-14.7179	2.53737	-19.7137	-1.56383	1.54758	-7.9206	-7.16026	12.6691	-0.0770599	3.18609	
-2.50385	37.7489	-4.8596	0.055909	1.10983	-5.24655	1.05171	-2.76354	-0.639731	7.28292	-13.1832	2.64704	-16.8604	-1.40842	0.484319	-7.7548	-6.75191	11.8865	0.0508316	2.15257	
-4.2274	33.5594	-3.18055	0.802971	1.26583	-3.45306	0.936995	-1.33571	-1.31262	7.14168	-11.6064	2.87539	-13.2871	-1.04284	-1.23082	-6.99352	-6.16309	10.5566	0.29453	1.11658	
-5.08475	28.1937	-1.34564	2.07902	1.20851	-1.39158	0.443209	0.352187	-2.06532	7.02859	-9.80939	2.65652	-9.62466	-0.662055	-3.53695	-6.15871	-5.4044	8.9556	0.575896	0.304805	
-5.42535	22.3195	0.460687	3.46326	0.93069	0.909466	0.0136413	1.8637	-2.90682	6.62451	-8.13609	2.20728	-6.37963	-0.227891	-5.77145	-5.1198	-4.49915	7.443	1.01908	-0.369101	
-5.13027	17.4434	1.80663	4.59665	0.491037	2.77905	-0.548636	3.03451	-3.3881	6.11707	-6.76989	1.8208	-3.90896	0.13045	-7.3675	-4.10121	-4.15093	6.04056	1.44837	-0.984225	
-4.77248	14.3839	2.59946	5.54851	0.109035	4.25529	-0.617738	3.59527	-3.74073	5.48321	-6.18562	1.53878	-2.50346	0.375334	-8.05519	-3.26544	-3.843	5.24377	1.75992	-1.21679	
-4.33257	13.1149	2.65271	5.86589	-0.129783	5.18662	-0.608035	3.7023	-3.82645	5.2147	-6.20345	1.15176	-2.83423	0.496543	-7.85367	-2.70639	-3.943	4.93948	1.95884	-1.06241	
-3.96866	13.6045	2.04399	5.61285	-0.439192	5.51911	-0.410846	3.17973	-3.69291	4.82691	-6.63254	0.956692	-4.10712	0.710649	-6.58045	-2.60235	-4.26741	5.35167	2.05379	-0.869574	
-3.6487	15.0619	0.854612	4.84517	-0.408688	5.41944	0.156228	2.08401	-3.13677	4.6045	-7.34262	1.06022	-6.27694	0.603852	-4.49499	-2.65809	-4.92228	6.25867	2.07947	-0.512947	
-3.42794	16.9149	-0.547794	3.52713	-0.474871	4.82413	0.717126	0.782868	-2.88088	3.98609	-7.78388	1.06022	-8.40715	0.38601	-1.93121	-2.92359	-5.53932	6.99687	2.01415	-0.0358054	
-3.28881	18.9551	-2.22386	2.19711	-0.422237	3.73202	1.29122	-0.837478	-2.26391	3.37456	-8.40465	1.14435	-10.4439	0.163845	0.821192	-3.19389	-6.28216	7.84793	1.8509	0.365962	
-3.11563	20.9418	-3.98198	0.713055	-0.438427	2.32106	1.80101	-2.47812	-1.57941	2.76919	-8.94912	1.4543	-12.2439	-0.267067	3.41002	-3.68168	-7.10547	8.65276	1.57932	0.554101	
-2.83255	22.6907	-5.53796	-0.832718	-0.184245	0.753099	2.2967	-4.14805	-0.848499	1.98073	-9.06764	1.85076	-13.6561	-0.532188	5.64952	-4.24106	-7.87716	9.20062	1.21334	0.94484	
-2.38662	23.9314	-6.99962	-2.02977	-0.128621	-0.840867	2.55878	-5.44747	-0.114898	1.33508	-9.47966	2.43309	-14.5794	-0.858032	7.32892	-4.64772	-8.26026	9.47387	0.900702	1.02287	
-2.10932	24.5377	-8.20511	-2.9431	0.135769	-2.09103	2.34527	-6.07715	0.4031	0.813632	-9.61234	2.85886	-15.4817	-1.36221	8.16936	-4.94758	-8.41877	9.53804	0.725406	1.11743	
-1.7702	24.689	-9.2442	-3.7229	0.257491	-3.07133	2.2739	-6.57666	0.86782	0.685074	-9.98898	3.02416	-16.3721	-1.78725	8.02549	-5.02378	-8.16176	9.22687	0.176075	1.12603	
-1.32713	24.5919	-10.2198	-3.87386	0.612574	-3.76576	2.09084	-6.66448	1.37666	0.554211	-10.6986	3.22937	-17.3942	-2.20424	7.39074	-5.06022	-7.77322	8.95844	-0.074494	1.13742	
-0.65353	25.264	-11.126	-3.72673	1.21012	-4.71056	2.31244	-6.59462	1.72276	0.674143	-11.7861	3.45054	-18.9468	-2.78153	6.78311	-4.77099	-7.21345	9.32948	-0.476755	1.39336	
0.296498	26.5378	-11.7028	-3.08055	1.61425	-5.5679	3.04473	-6.30916	2.28036	0.776604	-13.0547	3.76585	-20.6696	-3.35918	6.77261	-4.54328	-6.90345	10.0016	-0.939992	1.506	
1.50867	27.7145	-11.8157	-2.04147	2.25364	-6.87768	4.19915	-5.93784	2.73745	0.955859	-14.5048	4.27746	-22.0478	-3.76324	7.27175	-4.50892	-6.38197	11.1515	-1.3147	1.69241	
3.08526	28.8274	-11.8261	-0.652029	2.556	-8.26592	5.49743	-5.33934	3.21032	0.927214	-15.8051	4.71462	-23.192	-4.32281	8.29624	-4.46397	-5.86449	12.3397	-1.70736	1.88784	
4.93631	29.2599	-11.1683	1.20192	2.78096	-9.33548	6.69283	-4.3392	3.35883	0.859313	-16.3446	4.71475	-23.1986	-4.69876	9.36643	-4.84406	-5.12901	13.0493	-2.09004	1.77397	
6.5685	28.7327	-10.1199	2.9193	2.62201	-9.92946	7.26684	-2.76578	3.50024	0.516725	-16.2362	4.3514	-22.5222	-4.75479	10.368	-5.12234	-4.00852	12.8894	-2.18965	1.26718	
7.86148	27.2172	-8.6911	4.27578	2.04787	-9.9045	7.10071	-0.922071	3.34254	0.106195	-14.7633	3.38579	-20.6481	-4.78657	10.6875	-5.64568	-2.53693	11.8318	-2.36224	-0.185652	
8.59458	24.8804	-7.21904	5.31692	1.18942	-9.03173	5.95953	1.16762	3.21792	-0.162699	-12.4541	1.74447	-18.104	-4.64796	9.89086	-6.17189	-0.769739	9.83625	-2.45695	-1.97881	
8.7188	22.1604	-5.76674	5.87136	0.212727	-7.31793	4.14868	3.37692	2.81406	-0.448834	-9.15689	0.0830478	-14.8064	-4.22047	7.93755	-6.32592	0.978066	7.05053	-2.40894	-4.40932	
8.20138	19.7376	-4.41651	5.91692	-0.985299	-5.10314	1.99494	5.17304	2.56577	-0.276925	-5.71264	-1.71073	-11.6839	-3.77348	5.20295	-6.54736	2.41337	4.39856	-2.40638	-7.06996	
6.95562	18.4832	-3.31602	5.35282	-1.96164	-2.78176	-0.241892	6.53929	2.20112	0.146569	-2.06071	-2.85205	-8.47739	-3.16952	1.53594	-6.32489	3.35471	2.05106	-2.48909	-9.42295	
4.93489	18.1772	-2.61959	4.78931	-2.64728	-0.525729	-2.05073	7.2839	1.84379	1.29215	0.890372	-3.75082	-5.61104	-2.4474	-2.25536	-6.08947	3.61447	0.395082	-2.37581	-11.4959	
2.84977	18.82	-1.95186	3.80875	-3.13991	1.55367	-3.17566	7.11962	1.47024	2.60722	3.46757	-3.80503	-3.02512	-1.65357	-5.67271	-5.67306	3.27759	-0.296608	-2.19018	-12.7904	
0.717298	20.258	-1.51016	2.86542	-3.25264	2.80285	-3.56054	6.33732	1.24042	4.26637	5.27257	-3.28988	-0.955303	-0.980666	-8.18636	-4.94627	2.43371	0.174927	-1.90724	-13.3774	
-1.3945	21.6408	-0.900729	1.86473	-3.17979	3.70186	-3.04348	5.17065	1.05606	5.88025	6.28982	-2.49084	0.658692	-0.392847	-9.43556	-4.22117	1.4582	0.918041	-1.58495	-13.0608	
-3.03492	21.7037	-0.390841	0.679174	-2.87758	3.93821	-2.04572	3.53263	1.0152	6.94786	6.67645	-1.62597	2.1611	0.21762	-8.76866	-3.36913	0.529362	1.69122	-1.40061	-12.1835	
-4.33627	19.7106	0.255949	-0.729486	-2.42083	4.21861	-0.586523	2.01808	1.18423	7.38391	6.89067	-1.10596	3.67607	0.571235	-6.78242	-2.15029	0.0763486	1.7297	-1.22866	-10.8019	
-5.37222	16.0691	0.988828	-2.22508	-2.26241	4.59886	0.570619	0.819922	1.63335	6.56893	7.27475	-0.938942	4.78243	0.63505	-3.46129	-0.838296	0.547564	0.401704	-1.12448	-9.52454	
-6.0207	9.95377	1.70078	-3.92813	-2.01192	5.44425	1.32948	-0.111277	2.14273	4.68815	8.22235	-1.4284	6.2054	0.549139	0.519313	0.699259	1.55837	-2.56189	-1.06153	-8.34142	
-6.38158	1.2603	1.94098	-5.64592	-1.99048	6.93802	1.96469	-0.275088	2.68078	1.50801	9.57127	-2.50185	7.65282	0.384571	4.75794	2.26231	3.32522	-6.80677	-1.25592	-7.35654	
-6.63065	-8.73348	1.86518	-7.6223	-1.95817	8.69891	2.18723	-0.42315	3.21813	-2.42118	10.9441	-3.52971	8.95456	-0.0584927	8.64022	3.87196	5.1786	-12.07	-1.47036	-6.76852	
-6.60892	-18.8336	0.877266	-9.31018	-1.86594	10.6716	2.56203	-0.233976	3.78502	-6.55425	12.4057	-4.26069	10.4086	-0.445044	11.7504	5.13056	6.52227	-17.1357	-1.54728	-6.51743	
-6.55897	-27.4038	-0.651986	-10.7517	-1.39793	12.2249	3.02766	-0.0341782	4.11677	-10.3663	13.5201	-4.57947	11.8124	-0.985282	13.5848	5.87479	7.26389	-21.0809	-1.85969	-6.54861	
-6.36787	-32.4937	-2.44049	-11.621	-0.818989	13.212	3.51746	0.0687682	4.40939	-12.4652	13.7771	-3.93826	13.242	-1.39311	13.8319	5.91948	6.93611	-23.3157	-1.93789	-6.61261	
-5.96341	-33.3615	-4.40023	-11.7682	0.0113877	13.112	4.28288	-0.272052	4.43355	-12.8568	12.8277	-3.1426	14.5836	-1.61178	12.8576	5.47046	5.55166	-22.4937	-1.89055	-6.76304	
-5.52798	-31.7904	-4.93913	-11.0033	0.485315	12.4397	4.60992	-0.17705	3.93205	-10.8635	11.464	-2.00824	16.1021	-1.33	10.3998	5.29944	3.70501	-19.9115	-1.92713	-6.49976	
-5.00985	-28.0423	-4.87255	-9.83316	0.962525	11.2869	4.56533	-0.335844	3.08513	-7.67981	9.49643	-0.699509	16.9525	-0.895069	7.1996	4.74647	1.40758	-15.459	-1.66317	-6.19483	
-4.46069	-23.9562	-3.47124	-8.13167	0.977758	9.81156	4.11853	-0.232536	2.2095	-3.79528	7.77219	-0.101387	17.1779	-0.337057	3.86408	4.73319	-0.330736	-10.1332	-1.20314	-5.6742	
-3.94951	-20.9109	-1.18689	-6.33366	0.681827	8.58508	2.56951	0.441321	1.075	0.410878	6.29107	0.133172	17.1606	0.723767	0.155236	4.75298	-1.4713	-5.3537	-0.972371	-5.28823	
-3.33525	-19.0825	2.09003	-4.40327	0.00366479	7.93411	0.332114	1.41721	0.102056	4.03357	5.89555	-0.558318	16.4055	1.48931	-3.03471	5.35911	-1.43524	-1.29968	-0.421774	-5.03623	
-2.68709	-18.3648	5.67482	-2.81417	-1.09824	7.51152	-2.31647	2.74397	-0.973087	6.51213	5.85261	-2.00523	14.8056	2.47196	-5.73805	6.29743	-0.485669	1.51234	-0.0854014	-5.40132	
-2.31188	-18.911	8.85456	-1.66799	-2.12188	7.61799	-5.15649	4.11347	-1.63266	7.86638	6.67663	-3.83121	12.7591	3.13054	-7.10056	7.05574	1.32428	2.74846	0.300976	-5.95034	
-1.88724	-20.2854	11.4615	-0.975829	-3.2877	7.8622	-7.62674	5.42365	-2.27159	7.77051	7.7252	-5.93204	10.3428	3.68052	-7.60813	7.51589	3.64061	2.69514	0.437042	-6.80137	
-1.60291	-22.0855	12.8777	-0.493806	-4.16154	7.93416	-9.19379	6.5622	-2.79459	6.41854	8.73733	-7.77026	8.0678	3.79416	-7.05916	7.72996	6.08488	1.4308	0.764598	-7.54396	
-1.32514	-23.4584	13.3104	-0.487836	-4.54777	7.45651	-9.79575	7.36714	-3.18179	4.23356	9.63712	-8.86593	6.06386	3.71744	-5.79429	7.36294	8.21855	-0.585765	0.706015	-8.18437	
-1.26625	-23.8168	12.2509	-0.849645	-4.35192	6.72477	-9.08875	7.91141	-3.18872	1.78666	10.2513	-9.27067	5.1522	3.41447	-4.17605	6.20753	9.5467	-2.87012	0.787344	-8.562	
-1.05312	-23.0184	10.2808	-1.22298	-3.86287	5.45445	-7.39407	8.02275	-3.11485	-0.668604	9.98667	-8.49689	4.70671	2.7982	-2.16879	4.46011	10.0271	-5.00894	0.561659	-8.46812	
-0.990015	-21.7452	7.74967	-1.5199	-2.73716	3.98889	-4.93909	7.80464	-2.63546	-2.54958	9.38735	-6.68418	4.7644	2.05041	-0.486721	2.31013	9.604	-6.75204	0.338341	-7.97981	
-0.867302	-20.4565	5.38304	-1.9872	-1.38971	2.5934	-2.35905	7.44983	-2.29032	-4.02704	8.39858	-4.35031	5.34079	1.23006	1.18105	0.185019	8.65503	-8.17192	0.192875	-6.64632	
-0.794273	-19.851	3.32597	-2.24968	0.114539	1.40326	0.110483	7.32541	-1.60734	-4.75112	7.33081	-1.4219	5.92565	0.379072	2.09279	-1.91554	7.11479	-9.21576	-0.00981751	-5.18559	
-0.487979	-19.1939	1.58318	-2.507	1.4533	0.895021	1.57539	7.0749	-1.00396	-4.73249	6.33345	1.50529	6.10067	-0.171829	2.09376	-3.38789	5.54263	-9.95506	-0.378927	-3.23157	
-0.1671	-18.774	0.738529	-2.65623	2.55026	1.11749	2.34215	6.87958	-0.358203	-4.1664	5.36146	3.88075	5.92838	-0.848369	1.55653	-4.25241	4.06119	-10.5277	-0.612501	-1.27822	
0.119827	-18.7594	0.200671	-2.60578	3.3625	1.55571	2.16192	6.68386	0.26619	-3.60156	4.4341	5.8213	5.47148	-1.2248	0.524259	-4.62014	3.06884	-10.6415	-0.706869	0.49605	
0.628499	-18.2767	0.253317	-2.66435	3.854	2.00453	1.77067	6.28944	0.748084	-3.09474	3.40196	6.96883	4.5888	-1.49015	-0.817298	-4.24646	2.31998	-10.2614	-0.924139	2.02125	
0.97967	-17.3892	0.357452	-2.36487	4.05873	2.2512	0.949287	5.75184	0.868978	-2.64488	2.56309	7.47876	3.36857	-1.51549	-2.00489	-3.55716	1.80644	-9.15858	-1.05601	3.0376	
1.47936	-14.8769	0.528097	-2.25429	4.25417	2.19444	0.65447	5.03518	1.0157	-2.14472	1.30277	7.25053	2.36825	-1.5617	-2.58038	-2.96086	1.2595	-7.00217	-1.05187	3.90412	
1.86239	-10.5829	0.464207	-1.97787	4.27402	1.50007	0.375762	3.92708	1.14483	-1.77979	0.213949	6.64386	1.41145	-1.57042	-2.74244	-2.27194	0.817244	-4.44873	-0.995559	4.28581	
2.2447	-4.77653	0.21403	-1.67174	4.16077	0.462953	0.603431	2.66948	1.08267	-1.6805	-0.940759	5.82046	0.961398	-1.45057	-2.55327	-1.65902	0.264331	-1.68554	-0.932555	4.55294	
2.55654	1.6006	0.126089	-1.21718	4.09402	-0.823333	1.02069	1.18928	0.878048	-1.34345	-1.71968	5.07922	0.666872	-1.4525	-1.85894	-1.11984	-0.37627	0.923656	-1.04041	4.37849	
2.71201	6.78235	0.192765	-0.979898	3.87848	-1.76498	1.12321	0.150477	0.908954	-1.17576	-2.10147	4.06538	0.932859	-1.43774	-1.2239	-0.571708	-0.738902	3.12788	-0.9964	4.19427	
2.88642	10.1019	0.411437	-0.565162	3.36006	-1.98566	0.904845	-0.461839	0.774216	-0.937493	-1.92988	3.05415	1.45953	-1.26612	-0.674898	0.307673	-0.803999	4.24309	-0.836673	3.97725	
2.87886	10.8633	1.15181	-0.313389	2.79088	-1.72312	0.36542	-0.820691	0.47789	-0.731807	-1.36596	1.61468	2.12734	-1.01218	-0.434348	1.46074	-0.428907	4.36542	-0.944848	3.57135	
2.84129	9.47029	1.70302	-0.240548	2.20904	-1.16978	-0.129491	-0.616209	0.315965	-0.519852	-0.771304	0.188594	2.90643	-0.93915	-0.0797925	2.31743	-0.0862397	3.68304	-0.756468	3.49574	
2.71485	6.31758	2.28665	-0.427997	1.5051	-0.425608	-0.599742	-0.226287	-0.106189	-0.375032	-0.164938	-0.72066	3.07487	-0.864588	0.606049	2.90949	0.430044	2.67419	-0.741031	3.52156	
2.36232	2.70548	2.50379	-0.493836	1.1914	0.280583	-0.780603	0.00656455	-0.199987	-0.382355	0.524744	-1.10304	3.03978	-0.7409	1.1615	3.30345	0.51088	1.72158	-0.781449	3.45242	
1.89279	-1.60087	2.52158	-0.725385	1.01011	0.740613	-0.711556	0.227237	-0.218884	-0.733021	1.27497	-1.07666	3.38762	-0.934666	1.60175	3.37547	0.735568	0.524296	-0.741383	3.59788	
1.62112	-5.22642	2.50488	-0.722739	0.69751	0.872999	-0.748313	0.33828	-0.166313	-0.700339	1.86721	-0.944076	3.32253	-0.901426	1.7961	3.38928	0.689782	-0.823846	-0.595538	3.95063	
1.2527	-7.16614	2.09217	-0.963806	0.520483	0.767637	-0.720938	0.360629	-0.0867059	-0.797447	2.63819	-0.766652	3.61696	-0.896039	1.38302	3.6331	0.732754	-2.0876	-0.587471	3.88837	
1.03637	-7.58211	1.13037	-1.09302	0.293997	0.211182	-0.511192	0.115509	-0.114742	-0.623783	3.4221	-0.274468	4.24604	-0.810001	0.73746	3.61914	1.0506	-3.38776	-0.548247	3.44415	
0.845766	-5.08181	0.0482488	-1.32711	0.12342	-0.350094	-0.615629	0.0752721	-0.0527181	-0.347402	4.2594	-0.0994174	4.59246	-0.842809	-0.217719	3.38288	1.14268	-4.65377	-0.612327	2.83934	
0.868841	0.0800785	-1.16676	-1.57096	-0.125972	-1.24036	-0.198044	-0.505437	-0.00475152	-0.0021297	4.64949	0.332031	4.82555	-0.56703	-0.628351	3.28748	1.36396	-5.33709	-0.521022	1.8999	
1.16459	6.51566	-2.63847	-1.6542	-0.150034	-2.29179	0.262873	-0.838998	0.126833	0.0814569	4.70711	0.480307	4.67272	-0.589962	-0.393535	2.93895	1.35525	-5.84713	-0.575089	1.13945	
1.27677	12.9441	-3.66636	-1.61853	-0.338914	-3.14117	0.877548	-1.19559	0.119869	0.322939	4.70287	0.704701	4.33702	-0.587223	0.529398	2.54771	1.50443	-6.02413	-0.604847	0.51889	
1.84092	18.2198	-4.08053	-1.62276	-0.320335	-3.78171	1.45117	-1.37386	0.24968	0.417371	4.39826	0.853061	4.10193	-0.48041	2.00816	2.18968	1.19744	-6.04808	-0.496634	0.168643	
2.15419	21.0938	-4.17351	-1.71677	-0.264958	-4.05118	2.11929	-1.14761	0.332191	0.386294	4.2233	0.891476	4.19648	-0.619155	3.86673	1.81526	0.91565	-6.10157	-0.37614	-0.128164	
2.60064	20.9194	-3.53792	-1.32431	-0.180461	-3.93912	2.84552	-0.642333	0.427684	0.501474	3.967	0.876412	4.51503	-0.664294	5.67196	1.3551	0.461471	-5.81514	-0.332648	-0.0789106	
2.70828	17.3779	-2.45187	-1.10118	-0.122484	-3.61499	3.58087	0.339962	0.339913	0.404906	3.82415	0.877965	5.02388	-0.757115	7.20155	0.921503	-0.0513489	-5.51947	-0.277738	0.0841966	
2.90547	11.4361	-1.15451	-0.612351	0.171205	-3.05179	4.09075	1.31878	0.41033	0.584809	3.69263	1.02256	5.58727	-0.869369	8.29815	0.47139	-0.441902	-5.29131	-0.124829	0.181554	
2.79787	4.51882	0.274217	-0.0907907	0.214119	-2.66235	4.05256	2.20423	0.405858	0.740713	3.5506	0.951382	6.07211	-1.0282	8.75489	0.195546	-0.845424	-4.68293	-0.0876362	0.21101	
2.44058	-1.13719	1.16489	0.46448	0.265386	-2.5798	3.95958	2.84689	0.167459	0.959685	3.44251	0.908147	5.80678	-1.07862	8.48868	-0.12985	-0.854372	-3.97994	0.0199831	0.226159	
1.92611	-4.0516	1.54918	1.06443	0.286944	-2.93821	3.46581	2.72475	0.0559903	1.3207	2.8596	0.849108	4.92507	-1.15922	7.53019	-0.238908	-0.774104	-3.25449	-0.0858206	-0.0600702	
1.4077	-3.00656	0.940819	1.87693	0.147013	-3.6832	2.92153	1.89365	-0.0358126	1.55736	2.09399	0.995999	3.10146	-1.23498	6.29328	-0.416118	-0.490607	-2.58731	0.0563977	-0.609019	
0.744191	2.21439	-0.63681	2.74897	0.140172	-4.89666	1.93743	0.328461	-0.247633	1.70742	1.29162	1.00802	0.699022	-1.47733	4.68714	-0.495373	0.0682611	-1.6884	0.0926011	-1.30165	
0.0154721	10.7103	-2.63807	3.70506	0.0569436	-6.51808	1.07249	-1.4999	-0.45667	2.05973	0.472701	1.21901	-2.00497	-1.38546	3.22201	-0.64412	0.478218	-1.01082	0.145408	-1.94779	
-0.236037	20.2204	-4.39926	4.7262	0.0554943	-7.89762	0.0814029	-3.28256	-0.681116	2.00904	-0.156508	1.69227	-4.08083	-1.37552	1.88656	-0.817908	1.17909	-0.261571	0.102212	-2.52133	
0.0155224	26.9305	-5.22355	5.92849	-0.00826016	-8.79719	-0.952918	-3.80164	-0.884336	1.84229	-0.171982	1.90393	-4.75354	-1.23505	0.895408	-0.761417	1.65393	-0.276281	0.382502	-2.81612	
0.646051	26.2582	-3.89886	7.40643	-0.0832668	-8.67913	-1.91469	-2.52683	-1.36533	1.57207	1.21772	1.94734	-2.76503	-1.11656	0.424819	-0.466729	2.18125	-1.31541	0.602856	-2.64447	
1.74422	15.0373	0.078271	9.12983	-0.604305	-6.80985	-2.86362	1.49324	-1.83653	0.863778	4.26435	1.58761	2.70256	-0.701074	-0.130912	0.105309	2.91956	-3.52804	1.06645	-2.0659	
-7.24294	
4.09212	
6.83186	
-5.46288	
5.43148	
2.33206	-9.19569	3.61401	7.78008	
34.3644	32.1583	4.8804	29.148	
-8.44195	-7.10208	32.0115	2.52578	
12.2625	15.3298	6.12787	13.2862	
3.28099	23.3339	2.81332	12.0066	
-19.8769	-24.917	14.0234	-13.286	
11.21	8.58145	-4.3953	-9.99851	
-13.8119	-26.9105	15.6675	-16.6983	
12.2194	16.4255	-4.38642	9.29484	
-0.332538	-17.9979	13.2427	-6.65484	
9.68683	14.7611	-16.5399	11.7551	
11.1182	0.0348399	-8.69306	21.1563	
-8.67134	-15.5401	13.5321	-15.2332	
11.2071	8.01965	-17.0207	6.70193	
11.324	7.69669	-6.84189	9.52068	
-5.68403	21.0447	-4.49051	4.20713	
6.72453	3.89762	-13.0944	21.736	
0.456034	13.8634	-18.0223	14.4078	
-0.120457	0.615966	11.4895	-10.2617	
3.50986	3.66582	0.0182076	4.58006	
-0.287238	5.28418	15.8103	3.4794	
