2
187
1
1
2
20
4
1	
0	
Tipo_Ib
Tipo_NaoIb
-8.65334	2.6448	-2.07355	-8.32751	-17.2367	5.67703	3.99599	-22.0539	3.41386	1.81792	-7.45572	-0.852846	-19.3752	-20.08	9.95423	2.00933	-3.94094	4.42532	10.4699	9.28865	
-2.62049	-0.559418	16.0018	6.99854	3.54849	2.67615	0.291472	3.85215	3.01433	-2.71389	4.63176	0.273418	5.09315	1.14003	0.0218395	4.86163	1.25405	1.49417	-1.00892	6.64318	
0.900602	-0.558669	14.6141	4.50136	4.285	1.65081	0.0763225	9.512	2.83573	-2.58484	4.65416	2.09771	4.46074	2.39421	0.740189	4.64485	1.46775	1.40581	-1.564	3.20743	
4.30513	-0.442304	11.6397	2.13672	4.85917	0.654181	0.0742174	14.7963	2.64746	-2.34773	4.10719	3.99653	3.59398	3.80161	1.54115	4.37595	1.5482	1.26873	-2.19393	-0.0966989	
7.12528	-0.553694	8.21763	-0.180291	5.30417	-0.366723	0.137299	19.486	2.34496	-2.09478	3.36821	5.99345	2.53298	5.00273	1.91451	4.19725	1.80738	1.28297	-2.50538	-3.14826	
9.59963	-0.542264	5.47348	-2.07184	5.56504	-1.11157	0.109326	23.4815	2.19208	-1.88372	3.0149	7.59946	1.62763	5.90907	2.00761	3.83145	2.02256	1.17071	-2.71935	-6.0301	
11.181	-0.691653	4.09473	-3.80351	5.66071	-1.75856	0.259366	26.1366	2.09263	-1.77315	2.88173	8.71939	0.594753	6.59448	1.65989	3.66898	2.05985	1.26581	-2.80514	-8.65637	
12.1476	-0.724733	4.1347	-5.27937	5.20098	-2.46866	0.297468	27.0853	2.15493	-1.75621	3.00689	9.20931	-0.487156	7.09967	1.06788	3.25021	1.88592	1.23985	-2.5982	-11.0865	
12.8396	-0.844535	4.96205	-6.47828	4.391	-2.94144	0.435447	26.3392	2.33036	-1.61322	3.5631	8.92158	-1.25576	7.17908	-0.0523216	3.04319	1.63208	1.18437	-2.45173	-13.0246	
12.977	-1.00096	5.43644	-7.28583	3.27895	-3.21829	0.460521	23.8834	2.51097	-1.70247	3.94008	8.21695	-1.91075	7.00188	-0.970353	2.71599	1.32624	1.07599	-2.17532	-14.1955	
12.7933	-1.16599	5.04306	-7.7525	2.06655	-3.4477	0.565714	20.4277	2.66888	-1.69933	3.92517	7.26285	-2.26329	6.65835	-1.85507	2.53251	1.2037	0.911336	-1.71217	-14.5215	
12.4144	-1.44409	3.60747	-8.00537	0.786177	-3.51562	0.658772	15.582	2.5784	-1.44033	3.76769	6.25233	-2.21055	6.02406	-2.60371	2.24207	1.0538	0.802006	-1.50459	-14.1934	
11.8951	-1.64365	2.09546	-7.96704	-1.06456	-3.75648	0.718113	10.1791	2.61762	-0.933265	3.46798	5.12803	-1.82153	5.17596	-3.17245	1.76603	1.20888	0.567001	-1.33241	-13.151	
11.155	-1.86897	1.55845	-7.68338	-3.11002	-4.03832	0.596067	3.7796	2.40993	-0.047573	3.42337	3.78354	-0.889619	4.02913	-3.32829	1.3106	1.104	0.504267	-1.21846	-11.9907	
10.2448	-2.08808	2.54876	-7.49693	-5.7313	-3.91999	0.589502	-3.31945	2.17826	1.02665	3.42928	2.52196	0.118736	2.59244	-3.59369	0.931141	1.02085	0.214713	-0.9578	-10.6287	
8.79915	-2.21252	2.95275	-7.20568	-8.65743	-3.94455	0.585951	-10.8115	1.96708	2.61302	3.49305	1.66231	1.55121	1.11756	-3.53519	0.415589	1.0901	0.0524592	-0.883088	-8.95672	
7.05689	-2.1868	2.37257	-6.96006	-11.6974	-3.84239	0.526294	-17.8211	1.71504	4.59033	3.1294	1.24457	2.77314	-0.372666	-3.33679	0.0925346	1.3837	-0.24905	-0.743798	-6.82062	
4.84247	-2.12577	2.89746	-7.12577	-14.5469	-3.48891	0.381613	-24.1797	1.21678	6.39093	3.05435	1.04348	4.05234	-1.77802	-3.04933	-0.276549	1.5321	-0.324257	-0.487343	-4.56208	
2.67029	-1.83518	3.29984	-7.18687	-17.2983	-2.85817	0.256826	-29.2956	1.01991	8.35798	2.84454	1.18214	5.05676	-3.13043	-3.15857	-0.617063	1.78977	-0.163595	-0.152348	-2.21824	
0.106038	-1.37814	3.59035	-7.26187	-19.4099	-2.02744	0.31519	-33.0553	0.724584	9.92389	2.49907	1.46104	5.63099	-4.27241	-3.06002	-0.848335	1.97584	-0.24609	0.299561	0.218602	
-1.99618	-0.976461	3.60791	-7.48236	-20.906	-1.0931	0.186157	-35.2825	0.327413	11.1129	2.44469	2.01441	6.03151	-5.28125	-3.19029	-0.789554	2.17877	-0.0158474	0.782562	2.94979	
-4.26077	-0.586556	3.67215	-7.78887	-21.8433	-0.0855604	0.254995	-35.9819	0.118676	11.9448	2.23591	2.72607	6.13374	-6.0137	-3.39128	-0.759076	2.36182	0.130896	1.31398	5.32582	
-6.04806	-0.325626	3.46365	-8.02419	-21.8871	0.895089	0.102937	-35.2581	-0.236257	12.2334	2.16844	3.45485	5.89966	-6.66415	-3.75014	-0.786072	2.4145	0.412275	1.88238	7.58374	
-7.56547	-0.0025216	3.30815	-7.99669	-21.3663	1.46222	0.288318	-33.445	-0.553671	12.0423	2.10228	4.14618	5.86629	-6.96195	-4.08247	-0.78165	2.47709	0.710209	2.58276	9.51215	
-8.96279	0.0889207	2.96702	-8.16327	-20.4152	1.66394	0.257892	-30.7255	-0.919442	11.6573	2.05892	5.0374	5.80373	-6.89715	-4.27647	-0.75955	2.57106	0.934603	2.89083	11.0917	
-9.50568	-0.152962	2.49765	-8.07215	-19.113	1.64664	0.195783	-27.7211	-1.26934	10.8665	2.14879	5.89251	5.53629	-6.63676	-4.17293	-0.814491	2.34112	1.15719	3.13736	11.998	
-9.90551	-0.205584	2.32143	-7.96766	-17.9266	1.17157	0.30493	-25.2809	-1.50055	10.1182	2.20264	6.58662	5.32436	-6.1711	-4.20375	-0.917613	2.10582	1.2707	3.36481	12.6543	
-10.1046	-0.538627	1.93074	-7.87403	-16.8098	0.492222	0.216821	-23.4309	-1.50377	9.55865	2.46617	7.24826	4.89943	-5.54853	-3.93434	-1.28522	1.90804	1.37471	3.34354	12.589	
-9.9847	-0.60429	1.64596	-7.9864	-16.1731	-0.233262	0.337993	-22.3982	-1.34952	9.02543	2.59302	7.49645	4.1451	-5.01746	-3.93683	-1.40205	1.66301	1.37707	3.24109	12.2594	
-9.59604	-0.723241	1.57641	-7.93779	-15.6368	-1.03136	0.238369	-21.8585	-1.12824	8.53179	2.61811	7.35666	3.42777	-4.33318	-3.83539	-1.38211	1.54518	1.37691	3.0936	11.4891	
-9.14995	-0.586798	1.62133	-7.7891	-15.1314	-1.73443	0.312594	-21.0612	-0.740184	8.44492	2.74712	6.75902	2.50756	-3.66883	-3.77614	-1.22557	1.17746	1.42133	2.66206	10.5723	
-8.47761	-0.623555	1.87385	-7.5966	-14.3914	-2.25861	0.257116	-19.4653	-0.255951	8.45287	2.7379	5.70972	1.49762	-2.56158	-3.943	-1.06029	1.05357	1.53601	2.21647	9.6175	
-7.63706	-0.445922	2.22144	-7.04589	-13.3917	-2.64562	0.264557	-16.4525	0.219708	8.4631	2.65609	4.48983	0.715023	-1.45618	-4.14195	-0.731192	0.795775	1.54027	1.76585	8.63769	
-6.29416	-0.223872	2.28273	-5.98156	-11.7732	-2.8857	0.321508	-12.0102	0.766698	8.62089	2.60632	3.06162	0.222036	-0.140024	-4.42403	-0.586139	0.416202	1.599	1.28027	7.83031	
-4.9076	-0.0987427	2.20326	-4.5969	-9.52824	-2.57085	0.334636	-6.55142	1.05027	8.77413	2.38997	1.44675	0.217515	1.31049	-4.87135	-0.205591	0.156976	1.69199	0.771143	7.28724	
-3.40596	-0.0108546	2.22921	-2.69986	-7.18485	-2.46303	0.30036	-0.63789	1.14126	8.93625	1.97895	-0.00444059	0.367224	2.77522	-4.91264	-0.13507	-0.0921689	1.61366	0.161502	6.52882	
-1.62744	-0.261904	1.83958	-0.793193	-5.1107	-1.94123	0.1437	5.13772	0.936187	8.85213	1.64782	-1.17117	1.09561	3.92921	-5.01378	-0.306921	-0.485272	1.47626	-0.264114	5.85838	
0.124475	-0.451084	1.37649	1.31113	-3.23361	-1.67796	0.101371	9.53276	0.743204	8.8909	1.25793	-2.14639	2.05363	4.78891	-4.81741	-0.430624	-0.823956	1.2709	-0.46376	5.16896	
1.74542	-0.960438	0.87007	3.23932	-1.91058	-1.65471	0.0734287	12.3995	0.136783	8.59736	0.93346	-2.62719	3.18907	5.25753	-4.56263	-0.619944	-1.2663	0.984895	-0.862395	3.97685	
3.19343	-1.53974	0.523767	4.95369	-1.14925	-1.56161	0.0412525	13.2783	-0.366316	8.58978	0.701472	-2.95171	4.37903	5.21528	-3.99073	-1.01133	-1.55196	0.805139	-0.918362	2.81136	
4.34008	-2.21669	0.262544	6.32195	-1.18819	-1.8274	0.00831585	12.2723	-0.876291	8.34667	0.480498	-3.01381	5.1986	4.6835	-3.43559	-1.18735	-1.78629	0.591213	-1.02362	1.355	
4.86073	-2.79369	0.222776	7.05648	-1.44772	-1.89763	-0.126021	9.8409	-1.29023	7.91027	0.404889	-3.06209	5.43556	3.98062	-3.03596	-1.40221	-1.9613	0.400233	-0.941802	0.114405	
4.86217	-3.05974	0.266246	7.38113	-1.95658	-2.02368	0.0516685	7.05653	-1.4911	7.27297	0.554614	-2.96497	5.47423	2.90246	-2.35391	-1.49531	-2.0703	0.299207	-0.713349	-0.831336	
4.32318	-3.41371	0.485873	7.01997	-2.55835	-2.00199	0.0888009	3.9442	-1.43184	6.51036	0.383761	-2.79746	4.93112	1.65278	-1.98486	-1.48919	-1.97758	0.125824	-0.473086	-1.48221	
3.25638	-3.46672	0.635836	6.47168	-2.89875	-2.07116	0.217964	1.22277	-1.32937	5.62586	0.395279	-2.84842	4.09299	0.531343	-1.70288	-1.17615	-1.72886	0.0664654	-0.242144	-1.84985	
2.31559	-3.14184	0.764522	5.62603	-2.70428	-1.88507	0.279454	-0.384021	-0.855125	4.48488	0.439074	-2.86558	3.18126	-0.31314	-1.32971	-0.974548	-1.56084	0.209079	-0.105417	-1.69104	
1.31532	-2.96208	0.698382	4.57643	-2.26737	-1.60098	0.371364	-0.921649	-0.435748	3.1649	0.232085	-2.80253	1.90478	-0.862247	-1.10785	-0.797321	-1.0575	0.146352	0.103749	-1.09721	
0.213689	-2.69339	0.298783	3.31146	-1.55994	-1.15847	0.361508	-0.869023	0.104042	1.76121	0.174761	-2.69197	0.639034	-1.13862	-0.722995	-0.703437	-0.728625	0.269637	0.362858	-0.324739	
-0.4915	-2.2402	-0.094395	2.12501	-0.895756	-0.869573	0.371837	-0.130787	0.60062	0.729447	-0.160808	-2.56274	-0.447677	-1.16505	-0.491938	-0.483132	-0.53541	0.383622	0.31126	0.473116	
-0.965005	-1.63622	-0.434935	0.993346	-0.578069	-0.450671	0.532911	0.386482	0.921022	-0.205751	-0.341847	-2.31277	-1.54048	-1.02322	-0.0132011	-0.522563	-0.253439	0.499183	0.45289	1.37939	
-1.25443	-1.30176	-0.974991	-0.0232711	-0.560485	0.0266719	0.430684	0.14588	1.26962	-0.902465	-0.524943	-1.99434	-2.22766	-1.071	0.273182	-0.46866	-0.0414621	0.448593	0.581767	2.22859	
-1.30046	-0.841839	-1.49906	-0.815269	-0.914826	0.321823	0.479392	-0.548969	1.45347	-1.15081	-0.632641	-1.92136	-2.69287	-0.933905	0.708774	-0.362002	0.271651	0.530956	0.536338	2.81817	
-0.974943	-0.732035	-2.10285	-1.40093	-1.55811	0.610248	0.409471	-1.37555	1.67054	-1.33274	-0.557966	-1.7146	-2.93072	-1.10461	0.978165	-0.236044	0.15839	0.591866	0.512463	3.23867	
-0.825451	-0.605864	-2.19056	-1.66497	-2.61791	0.78172	0.297746	-2.30187	1.71569	-1.00948	-0.53982	-1.93927	-2.59988	-1.35746	1.12022	-0.195518	0.166257	0.703251	0.504701	3.45971	
-0.519022	-0.681617	-2.21139	-1.88291	-3.8159	0.925746	0.360636	-2.96467	1.70856	-0.685005	-0.33538	-2.36714	-2.1766	-1.60283	1.28336	-0.276802	0.144578	0.622316	0.491661	3.73709	
-0.263548	-0.591164	-1.77566	-1.97038	-4.93861	0.987689	0.361945	-3.25061	1.53928	-0.28468	0.0034948	-2.87654	-1.57964	-2.0476	1.23718	-0.428709	0.0429735	0.629492	0.489081	4.02873	
-0.138828	-0.882468	-1.30044	-1.9757	-5.92621	1.12962	0.216166	-3.24863	1.44891	-0.0193433	0.15817	-3.34195	-0.925276	-2.5909	1.15431	-0.518727	-0.171728	0.423709	0.394596	4.26339	
-0.241219	-0.978063	-0.639022	-1.94487	-6.46315	1.19114	0.244397	-3.14854	1.54174	0.222847	0.327994	-3.67392	0.0340069	-3.11808	1.02341	-0.630085	-0.296967	0.495983	0.489941	4.515	
-0.217972	-1.0431	-0.187156	-1.66062	-6.52786	1.49326	0.336712	-2.87078	1.36309	0.251686	0.628234	-4.08571	0.737987	-3.48607	0.801232	-0.846444	-0.439202	0.363024	0.507168	4.80485	
-0.262407	-1.16818	0.128303	-1.22254	-6.17067	1.89737	0.270133	-2.31206	1.39733	0.147939	0.610741	-4.38304	1.6171	-3.89722	0.359967	-0.966139	-0.33104	0.247072	0.421518	4.89153	
-0.270399	-1.18631	0.193801	-1.03266	-5.14717	2.02042	0.21896	-1.73149	1.2837	-0.179803	0.718161	-4.52973	2.18912	-3.95784	0.198635	-0.921147	-0.305078	0.279826	0.378665	4.66979	
-0.249463	-1.16636	-0.125711	-0.708288	-3.73752	2.25354	0.121918	-1.18143	1.2471	-0.488435	0.712707	-4.43592	2.7434	-3.94222	0.199657	-0.856364	-0.0916136	0.380447	0.45601	4.44325	
0.00152039	-1.14741	-0.492801	-0.288755	-2.21978	2.26042	0.0757838	-0.803865	1.00268	-0.85382	0.724721	-4.24034	2.99768	-3.86664	0.209429	-0.470715	0.0883427	0.343874	0.393008	4.04468	
0.521142	-1.05909	-0.83537	-0.196308	-0.786283	2.06509	0.0958489	-0.632234	0.967445	-1.17289	0.541158	-3.76231	3.27188	-3.679	0.455179	-0.300965	0.185083	0.605987	0.264846	3.27359	
1.07753	-0.933517	-1.52275	-0.0392592	0.344181	1.68829	0.0575162	-0.733507	0.943315	-1.28299	0.616121	-3.29444	3.28252	-3.47073	0.775397	-0.0523427	0.423001	0.49961	0.205701	2.33489	
1.89859	-0.687301	-2.09313	-0.148472	1.43143	1.05623	0.0081647	-0.739367	0.749431	-1.37713	0.495768	-2.95877	3.05332	-3.34682	1.17007	0.11067	0.727163	0.697733	0.190228	1.20674	
2.79115	-0.51289	-2.68434	-0.198289	1.85339	0.37426	-0.0993726	-0.731803	0.585964	-1.40142	0.332197	-2.55959	2.81297	-3.10751	1.7969	0.241634	0.878223	0.679462	0.00512734	-0.0846762	
3.79099	-0.524713	-3.41626	-0.257315	1.98774	-0.231305	-0.142111	-0.809615	0.38398	-1.35719	0.0918983	-2.17195	2.29205	-2.92825	2.45083	0.197115	0.972426	0.738398	0.0743553	-1.19059	
4.54725	-0.394809	-4.02609	-0.0263765	2.12817	-0.721784	-0.180543	-0.424056	0.175046	-1.42765	0.0478527	-2.23765	1.76102	-2.66126	2.87055	0.0260442	1.12318	0.592472	-0.0901029	-2.05641	
5.54517	-0.369436	-4.56348	0.11723	2.25032	-1.22737	-0.308948	0.422028	-0.0978928	-1.44899	-0.247321	-2.3572	1.12099	-2.32116	3.42366	-0.212561	0.996105	0.660912	-0.0920304	-2.74754	
6.38761	-0.405424	-4.89992	0.533595	2.62706	-1.50896	-0.337062	2.04262	-0.319659	-1.56399	-0.463601	-2.75566	0.473599	-2.11502	3.84246	-0.485649	1.1276	0.68844	-0.0153164	-3.2398	
7.07883	-0.410427	-5.29288	1.14291	3.03729	-1.62184	-0.369601	3.95964	-0.40791	-1.7843	-0.538209	-3.41884	-0.223552	-1.87855	4.46157	-0.641721	1.09901	0.636329	-0.125537	-3.68684	
7.68459	-0.280358	-5.62506	1.91831	3.95873	-1.50109	-0.463626	6.68105	-0.617212	-2.26476	-0.849778	-4.07951	-0.924414	-1.52153	4.87641	-0.728558	1.21815	0.727405	-0.0930466	-4.08599	
8.3176	-0.30308	-5.68586	2.9662	4.93134	-1.27618	-0.395577	9.84096	-0.691383	-2.63689	-0.928097	-4.56677	-1.71575	-1.27167	5.08148	-0.789038	1.40589	0.900169	-0.279893	-4.39847	
8.62024	-0.271288	-5.63581	3.89668	6.02153	-0.944968	-0.536893	12.4144	-0.574842	-3.06454	-1.03634	-5.10138	-2.50224	-0.796312	5.22737	-0.424754	1.46324	0.929324	-0.296245	-4.66676	
8.99729	-0.16423	-5.72734	4.88991	7.14319	-0.473876	-0.43584	14.6535	-0.284712	-3.40569	-1.23091	-5.19504	-3.0234	-0.483774	5.45742	-0.0692474	1.65552	1.1572	-0.491446	-5.00359	
9.04252	0.179051	-5.45295	5.65775	8.14361	-0.153525	-0.488841	15.9411	-0.19113	-3.58244	-1.21377	-4.87032	-3.52649	-0.0484096	5.36658	0.342605	2.09481	1.43621	-0.449101	-5.22718	
8.78545	0.378897	-4.74353	6.09776	8.79686	0.633457	-0.416641	16.18	0.10728	-3.67366	-1.30679	-4.51385	-3.923	0.133311	5.13194	0.695885	2.35089	1.59941	-0.491368	-5.49899	
7.96866	0.899654	-3.68786	6.12724	9.00216	1.25539	-0.42911	14.7063	0.657913	-3.50099	-1.10989	-4.09233	-3.80773	0.114997	4.63444	1.2559	2.64242	1.86604	-0.386477	-5.57292	
6.67997	1.42471	-2.46945	5.87962	8.30731	2.26587	-0.463806	11.3972	1.05274	-3.28558	-0.939505	-3.68149	-3.54274	-0.160371	3.81219	1.8384	2.80381	1.97808	0.052469	-5.4587	
4.9867	1.86882	-1.22334	5.17634	6.70227	3.13199	-0.287345	6.4225	1.87107	-2.9766	-0.674927	-3.42463	-3.34684	-0.897631	2.69963	2.03852	3.02058	2.22087	0.445265	-4.77631	
3.03421	2.20712	-0.188789	4.42849	4.67376	4.19509	-0.24899	0.0296193	2.51943	-2.88382	-0.384037	-3.33236	-2.7574	-2.09085	1.38173	2.3262	2.92909	2.28357	0.907522	-4.08071	
1.08545	2.56378	0.842059	3.65522	2.48725	5.35002	-0.128559	-6.57109	3.38121	-2.62503	-0.0215454	-3.47484	-2.17616	-3.31559	-0.35709	2.23166	2.73778	2.30256	1.35697	-3.25168	
-0.609163	2.53567	1.81046	2.62182	-0.0831696	6.38539	0.110113	-13.1059	4.24267	-2.79007	0.179666	-3.777	-1.43246	-4.80435	-1.98741	1.96951	2.25299	2.054	1.94375	-2.2328	
-1.75909	2.29748	1.96855	1.67643	-2.29849	7.08533	0.136178	-19.0632	4.84153	-2.87082	0.415265	-3.73075	-0.818609	-6.21257	-3.45666	1.47245	1.84124	1.90364	2.35705	-1.19281	
-2.3373	2.03286	2.02968	1.01987	-3.95459	7.31388	0.335155	-23.09	5.02515	-2.99096	0.568183	-3.5738	-0.239767	-7.30689	-4.61733	0.664878	1.3223	1.54304	2.68541	0.237504	
-2.7223	1.45457	2.2187	0.74912	-5.04801	7.30403	0.270882	-25.4406	4.77819	-2.95543	0.688394	-3.32432	0.564865	-8.23537	-5.41624	-0.213583	0.669071	0.941339	2.82486	1.5183	
-2.56543	0.961923	2.46593	0.692751	-5.6066	6.98036	0.298502	-25.8296	4.31243	-2.97495	0.809191	-2.67356	1.14214	-8.60012	-5.79262	-1.13725	-0.105192	0.288887	2.71269	2.84129	
-2.63915	0.487652	3.07666	0.478546	-5.26288	6.23155	0.351316	-24.041	3.40451	-2.6667	0.774997	-1.78024	1.72114	-8.64847	-5.94244	-2.16745	-0.719998	-0.243093	2.54735	4.09229	
-2.3729	0.0750492	3.54503	0.567711	-4.55478	5.56504	0.252495	-20.5863	2.25999	-2.24223	0.87509	-1.23935	1.91943	-8.44421	-6.11689	-2.80392	-1.37502	-0.716936	2.34231	5.225	
-2.09387	-0.12235	3.61671	0.530075	-3.0164	4.77781	0.288055	-15.7404	0.936064	-1.68785	1.03397	-0.400124	2.03467	-7.64377	-5.79757	-3.52086	-1.87543	-1.27335	2.11125	6.32735	
-1.58756	-0.466021	3.38891	0.55802	-1.22954	4.28365	0.218561	-9.98638	-0.531504	-1.38497	0.933184	-0.0191148	1.69284	-6.87782	-5.39703	-3.90608	-2.1584	-1.74825	1.77329	7.12191	
-0.933639	-0.550953	2.68502	0.403254	0.606723	3.82809	0.259035	-4.17467	-1.62041	-1.14313	0.761752	-0.0662418	1.02459	-5.85165	-4.75389	-4.19708	-2.41353	-2.26977	1.38143	7.81601	
-0.521215	-0.829418	1.58713	0.300789	2.19613	3.69332	0.148307	1.23419	-2.48607	-1.006	0.49764	-0.369707	-0.0533138	-4.96314	-4.30995	-4.07411	-2.68172	-2.60844	1.27489	8.29588	
-0.279925	-1.05268	0.103037	0.151454	3.47825	4.00123	0.0704987	5.67231	-2.83958	-1.26326	0.111587	-1.07894	-1.56457	-4.22797	-3.97906	-3.67666	-2.80028	-2.75312	1.11483	8.01692	
-0.144038	-1.16038	-1.104	-0.284453	4.19585	4.33746	0.128945	8.76607	-2.85507	-1.83511	0.106778	-2.21375	-2.91321	-3.887	-3.67821	-3.25735	-2.89375	-2.73512	1.06323	7.37798	
0.0679162	-1.33391	-2.07252	-0.255346	4.82427	4.73305	0.216765	10.2285	-2.46751	-2.55763	-0.0718138	-3.65629	-4.30905	-3.37805	-3.62903	-2.55587	-2.81676	-2.73837	1.16405	6.23111	
0.232096	-1.55578	-2.69043	-0.248429	5.2715	4.73903	0.141805	10.4435	-2.17019	-3.36696	0.0343323	-4.89031	-5.22223	-3.04916	-3.37199	-1.85111	-2.84639	-2.68718	1.02732	4.35063	
0.916029	-1.89365	-2.95788	-0.138334	5.99426	4.58688	0.0993191	10.0377	-1.96101	-3.79731	0.00284312	-5.77817	-5.2731	-2.74191	-2.76285	-1.30458	-2.91084	-2.43937	1.09268	2.28054	
1.68729	-2.14881	-2.89084	0.290333	7.08123	4.07583	-0.0259229	9.54726	-1.92578	-4.17077	0.203664	-6.01642	-4.76844	-2.36513	-1.9699	-0.524439	-2.82461	-2.29432	1.08575	-0.260941	
2.87604	-2.18863	-2.48287	0.81906	8.26005	3.25793	0.0923815	9.26973	-2.28054	-4.31741	0.377179	-5.58088	-3.81625	-2.03803	-0.658504	0.066616	-2.6883	-2.149	0.987195	-2.33898	
4.2763	-2.27313	-1.92652	1.40922	9.8498	2.19325	0.0394284	10.0389	-3.10836	-4.32474	0.712877	-4.66532	-2.58458	-1.37818	0.771485	0.597693	-2.57869	-1.94738	0.969673	-4.38257	
5.82018	-2.43297	-1.35797	2.10836	11.5123	0.948647	-0.0326415	11.5879	-3.92234	-4.33331	1.20965	-3.55899	-0.866794	-0.413083	2.54772	1.05351	-2.45028	-1.74829	0.656576	-5.89138	
7.70771	-2.31007	-1.20033	2.7119	13.0554	-0.362356	-0.00906787	13.9296	-4.6545	-4.16651	1.54715	-1.544	0.0619656	0.648921	4.10133	1.14435	-2.38245	-1.71976	0.564851	-6.72138	
9.03288	-2.31983	-1.22998	3.29926	13.8538	-1.65496	-0.0153577	16.0406	-5.12257	-4.55069	1.8636	0.420127	0.465384	1.6704	5.47441	1.02845	-2.01703	-1.4578	0.279221	-6.63124	
10.0455	-2.25269	-1.30772	3.38446	14.2287	-2.42208	-0.151695	17.7711	-5.19098	-5.08512	2.11858	1.35571	0.526598	2.80686	6.091	1.29452	-1.96162	-1.22182	0.238009	-6.3405	
10.251	-1.97081	-1.28145	3.24625	13.5713	-3.04763	-0.0333773	18.6544	-4.54261	-5.56407	2.69521	1.99311	0.0622597	3.60255	5.91204	1.52476	-1.71087	-1.0481	-0.0622901	-5.95334	
10.0428	-1.83699	-1.27098	2.83021	12.2296	-3.3345	0.0263745	18.2738	-3.71236	-6.32907	2.88583	2.48121	-0.527066	4.11178	5.15496	1.71314	-1.40066	-0.658589	-0.0189295	-5.44763	
9.3801	-1.68378	-1.25403	2.49256	10.2688	-3.54288	-0.0620225	16.8712	-2.47692	-7.11398	3.18871	3.01757	-1.34452	4.47727	3.87951	1.8956	-1.3059	-0.528418	-0.315479	-5.07339	
8.35571	-1.38225	-1.0219	2.29461	7.65027	-3.64905	0.047981	14.3057	-1.13989	-7.44086	3.29045	3.35594	-2.20339	4.54883	2.55094	1.8488	-1.09183	-0.0926901	-0.469863	-4.72799	
6.94109	-1.18863	-0.425334	1.95151	4.50239	-3.51594	0.0136505	10.8492	0.248099	-7.51568	3.31983	3.74476	-3.16522	4.17133	1.17253	1.75549	-0.843298	-0.020415	-0.549544	-4.5564	
5.50449	-1.15323	0.309377	1.69388	1.16247	-3.546	0.0613677	6.3145	1.24929	-7.14237	3.33435	3.69185	-3.89837	3.62046	0.0639492	1.94585	-0.765418	0.134493	-0.748096	-4.25955	
3.76223	-0.97417	1.48668	1.01294	-2.06145	-3.22348	0.168519	0.936677	2.37064	-6.47641	3.35108	3.47622	-4.51052	3.00849	-0.42365	2.07171	-0.454628	0.402978	-1.00187	-4.05857	
1.77522	-0.809787	2.76902	0.180939	-5.22628	-2.8451	0.199868	-4.73571	3.03056	-5.50777	3.30424	3.08777	-4.91513	2.52732	-0.712887	2.28885	-0.162937	0.373034	-1.25403	-3.67646	
-0.261228	-0.415521	4.21786	-0.90893	-7.86338	-2.41009	0.408819	-10.4727	3.73021	-4.28595	3.28706	2.88928	-4.9069	2.04741	-0.697347	2.8122	0.193125	0.481306	-1.24118	-3.46332	
-2.04037	-0.234043	5.66682	-1.86083	-9.90156	-1.71767	0.382626	-15.887	4.20931	-3.14079	3.06408	2.97322	-4.56395	1.46537	-0.713203	3.19997	0.622013	0.695071	-1.29872	-3.10192	
-3.35052	-0.0929376	7.0622	-3.11152	-11.3127	-0.991162	0.449772	-19.892	4.45344	-2.18105	3.05944	3.24194	-3.79755	1.19619	-0.829168	3.42023	0.951016	0.639808	-1.43733	-2.93244	
-3.89671	0.319501	8.61922	-3.97949	-12.4683	-0.061434	0.520694	-22.6288	4.63095	-1.15166	3.06175	3.78251	-2.88751	0.978958	-1.07431	3.52043	1.61532	0.72219	-1.49929	-2.48181	
-3.70231	0.316219	9.91286	-4.67623	-13.1277	0.578307	0.632668	-23.49	4.50251	-0.300359	2.77334	4.56087	-1.86623	0.617453	-1.62524	3.09372	1.94431	0.884955	-1.64197	-2.24409	
-2.69451	0.408838	10.9924	-5.24214	-13.7643	1.27897	0.488821	-23.1556	4.49655	0.322239	2.71813	5.20438	-1.11033	0.147211	-2.02715	2.46817	2.40213	0.842463	-1.66697	-1.58869	
-1.18833	0.343321	11.5968	-5.72383	-14.7711	1.77727	0.597524	-22.4805	3.99488	1.20925	2.40361	5.79649	-0.475449	-0.721816	-2.66035	1.7587	2.73078	0.665563	-1.46869	-0.73752	
0.338962	0.275463	11.5364	-6.55015	-15.8313	1.80123	0.476809	-21.7689	3.52243	2.12468	2.11765	5.95664	-0.328958	-1.74856	-2.68754	1.00902	2.61569	0.690666	-1.23001	0.235104	
1.7349	0.188761	10.6627	-7.5268	-17.3387	1.77259	0.610616	-22.1368	2.97177	3.05971	1.80788	5.61456	-0.625593	-3.34665	-2.46154	0.376107	2.50055	0.70095	-0.791415	1.69174	
2.81305	-0.126897	9.37341	-8.86518	-18.87	1.65714	0.477852	-23.6783	2.25358	3.95521	1.44307	4.7819	-1.49352	-4.66423	-1.7224	0.212482	2.03699	0.676274	-0.204808	2.9567	
3.15518	-0.22637	7.26721	-10.4288	-20.1231	1.28003	0.670046	-26.1329	1.52911	4.66116	1.02624	3.41568	-2.59203	-6.09758	-0.60505	0.476408	1.55343	0.919348	0.389063	4.31091	
2.97478	-0.373149	4.67483	-12.0759	-21.158	1.15511	0.783521	-29.2145	0.933942	5.17667	0.678961	1.4945	-3.82051	-6.96946	0.817979	1.42335	1.15375	1.277	1.01149	5.48148	
2.16862	-0.446368	2.28477	-13.4438	-21.3899	1.01813	0.769756	-32.4161	0.616614	5.15332	0.556839	-1.27838	-4.46432	-7.50014	1.95892	2.71095	0.804269	1.88105	1.3662	6.10781	
1.2615	-0.32844	0.295594	-14.1163	-20.7805	1.03828	0.94158	-33.8536	0.412267	5.03635	0.653079	-4.20568	-4.57153	-7.30311	2.90147	4.34972	0.797474	2.47042	1.77915	6.25736	
0.265827	0.0465635	-1.22314	-13.8002	-19.0375	1.50206	1.0193	-33.2125	0.502558	4.47725	0.492541	-7.01895	-3.60501	-6.29627	3.23522	5.61013	0.962894	3.01819	1.68922	5.79635	
-0.661945	0.224867	-2.06744	-12.4261	-16.2934	1.91586	1.03515	-29.0629	0.75231	3.5223	0.411118	-9.24806	-1.59831	-4.58497	3.14578	6.32844	1.6048	3.71285	1.40729	4.89224	
-1.03357	0.752419	-2.35571	-9.69862	-12.5742	2.58139	0.93562	-21.743	1.06635	2.50024	0.239946	-10.6197	1.07278	-2.50183	2.5171	6.55713	2.52153	4.21167	0.824657	3.68026	
-1.24803	1.17471	-2.07558	-6.38149	-8.33193	3.43486	0.79726	-11.4032	1.25444	1.19472	-0.0125148	-11.0813	4.25035	-0.293002	1.43047	5.69259	3.90818	4.52306	0.106936	2.70095	
-1.02111	1.40311	-1.82043	-2.50971	-3.68247	4.14151	0.580783	0.338172	1.42951	0.238337	-0.609131	-9.85603	7.55176	1.67031	0.417875	4.3193	5.24032	4.61976	-0.795645	2.15406	
-1.07712	1.66887	-1.63298	1.2023	0.534011	4.5939	0.481139	11.5418	1.37595	-0.606498	-1.30648	-7.51096	10.0715	3.40944	-0.311623	2.40179	6.32693	4.49683	-1.48173	2.57393	
-0.834781	2.10227	-1.38434	3.95197	3.36567	5.02142	0.271847	19.7455	1.33763	-0.898034	-2.28483	-3.14296	11.3484	4.12922	-0.85954	0.0692125	7.23494	4.12133	-1.8653	3.66907	
-1.25026	2.34964	-1.71743	4.81428	4.23416	5.37919	0.231275	22.2726	1.28587	-0.676762	-2.93737	0.908448	11.0806	3.59301	-1.02137	-1.54374	7.65598	4.00917	-1.6213	5.46347	
-2.11836	2.55916	-2.12083	4.63938	4.33957	5.63723	0.215037	20.7819	1.16129	0.00668381	-3.24297	3.83484	9.84612	2.78395	-0.88495	-2.25787	7.64137	3.64193	-1.21714	7.52421	
-3.40557	2.84547	-2.16061	3.56613	3.73098	5.54081	0.341118	16.5727	1.02642	1.05432	-3.2569	6.0834	7.89915	1.41371	-0.536144	-2.15753	7.25332	3.50452	-0.740657	9.81623	
-4.69371	3.17327	-1.80126	1.98367	3.39378	5.49437	0.416706	10.7791	0.81746	2.21916	-2.67622	6.51215	5.54557	0.197668	-0.189213	-1.26273	6.62521	3.42274	-0.0117197	11.3929	
-5.57561	3.36144	-0.636722	0.656811	3.53919	5.65014	0.503787	5.8269	0.5636	3.3711	-1.88702	5.4955	3.25389	-0.545909	-0.114036	0.243759	5.74313	3.40534	0.664631	12.2742	
-6.14397	3.57132	0.742415	-0.336004	4.0955	5.68795	0.493805	2.25752	0.351303	4.17331	-0.789701	3.57422	1.54713	-1.0763	-0.130868	2.16914	5.06407	3.5356	1.26192	12.5996	
-6.20303	3.53478	2.85094	-0.85346	5.4288	5.85787	0.557331	0.75589	0.100338	4.84761	0.17324	1.14879	0.275075	-0.698399	-0.723223	3.72373	4.64047	3.51426	1.5668	11.7758	
-5.76781	3.68884	4.91034	-0.78933	7.31891	6.34274	0.709855	1.19385	0.0030466	5.13854	1.02601	-0.918589	-0.282687	-0.212969	-1.49175	5.17114	4.54539	3.51085	1.71882	10.1385	
-4.68838	3.63368	6.64765	-0.0907837	9.46883	6.92254	0.595609	3.42044	0.143227	5.15255	1.38387	-1.93534	-0.490486	0.552822	-2.1234	6.10877	4.49263	3.18641	1.57444	8.08044	
-3.30726	3.56243	7.91502	0.937949	11.8322	7.40266	0.707137	6.68188	0.317234	4.78297	1.59155	-2.26183	-0.398811	1.30339	-2.89692	6.48087	4.89294	3.12315	1.41924	5.51537	
-1.91016	3.5851	8.39902	1.82643	13.8239	7.67046	0.539036	10.5393	0.484894	4.19803	1.17124	-1.38844	-0.100704	2.13793	-3.34979	6.29894	5.44204	2.80562	1.1176	2.99743	
-0.533401	3.23728	7.91813	2.59261	15.433	7.96133	0.586563	14.2507	0.837491	3.34056	0.580125	-0.0685033	0.178175	2.85676	-3.40373	6.01415	5.79268	2.32977	1.0593	0.472997	
0.617324	3.01702	6.88026	3.01133	16.1679	7.89128	0.58019	17.2875	1.24029	2.74473	-0.326269	1.67613	0.344317	3.24173	-2.9452	5.35559	6.4099	1.8986	0.843304	-1.67627	
1.60608	2.76009	5.17291	3.23826	16.3853	7.55058	0.504754	19.6604	1.39208	1.89349	-1.09081	3.01713	0.547038	3.8176	-2.11076	4.89965	6.5682	1.54132	0.770756	-3.44775	
2.45083	2.34618	3.35015	3.44744	15.9789	6.91049	0.373358	21.2641	1.45656	1.25063	-1.57254	3.97451	0.310248	4.32517	-0.937874	4.60018	6.75259	1.14868	0.691448	-4.39618	
3.04069	2.16449	1.36688	3.65516	15.2467	5.91423	0.408428	22.5569	1.25587	0.549881	-2.03761	4.27908	0.277095	4.74774	0.172891	4.41724	6.86865	0.796598	0.548665	-4.95105	
3.64691	1.66932	-0.512695	3.86895	13.9958	4.74307	0.330026	23.2819	1.1018	0.0957952	-2.04104	3.83994	0.201172	5.38969	1.30418	4.28153	6.53687	0.395734	0.42508	-4.95143	
4.23399	1.37155	-2.44317	4.50036	12.8592	3.40283	0.362873	23.8534	0.671166	-0.628141	-1.85872	3.12074	0.374107	5.99834	1.9453	4.09066	6.30907	0.216945	0.429982	-4.17302	
4.78467	1.06081	-3.96084	5.11993	11.6247	2.34023	0.260013	23.8889	0.321582	-0.93609	-1.6655	2.61905	0.440234	6.40274	2.40532	3.61503	5.84154	-0.03534	0.223819	-3.16418	
5.07043	1.04277	-5.37237	5.53794	10.3573	1.53782	0.100841	23.2588	-0.168146	-1.37361	-1.45877	2.51469	0.471314	6.35675	2.30017	3.1838	5.48551	-0.129565	0.224151	-1.78442	
4.92174	0.969926	-6.63974	5.92149	9.26287	1.14971	0.0155121	21.9107	-0.63488	-1.85054	-1.24079	2.80279	0.448978	6.11746	1.89033	2.84481	5.0361	0.0555302	0.203332	-0.302084	
4.66056	0.899294	-7.79746	5.8801	8.12807	1.08161	0.0837274	19.3603	-1.01442	-2.02663	-1.05406	3.36149	0.191133	5.34775	1.1932	2.42847	4.44843	0.132638	0.41	1.06318	
3.96888	0.951855	-8.1997	5.51085	6.83607	1.14925	0.0283993	16.1397	-1.16298	-2.25939	-0.789241	3.68279	-0.0688746	4.46198	0.52392	1.9117	4.02328	0.390427	0.525379	2.3983	
3.0279	1.22078	-8.13604	4.98775	5.21979	1.54757	0.144268	12.3585	-1.36076	-2.19252	-0.344155	3.44428	-0.407065	3.33126	-0.347508	1.70345	3.36943	0.740555	0.699002	3.17448	
2.08092	1.27136	-7.62793	4.16909	3.83216	1.72923	0.163276	8.54577	-1.2592	-2.11895	-0.0298516	2.90935	-0.70743	2.16817	-1.01317	1.66171	2.77589	0.949946	0.739853	3.54177	
1.22637	1.45145	-6.59826	3.46999	2.2431	1.9507	0.160127	4.71097	-1.17743	-1.88355	0.408316	1.98596	-1.02373	1.08696	-1.46014	1.4467	2.4087	1.3405	0.773538	3.49983	
0.617053	1.74675	-5.47178	2.97905	0.552467	2.22305	0.223262	1.22121	-1.15804	-1.69494	0.696341	1.45463	-0.873285	0.132176	-1.76207	1.47613	2.06567	1.56732	0.823806	3.05856	
0.187235	1.68646	-4.4958	3.02457	-0.870259	2.41583	0.0868196	-1.87323	-1.16192	-1.38527	0.851827	1.23409	-0.677372	-0.764921	-1.98046	1.26849	1.91096	1.61093	0.831114	2.49938	
-0.391492	1.74379	-3.70883	2.94443	-2.32232	2.56561	0.0697041	-4.88291	-0.956196	-1.14517	1.02211	1.14965	-0.200909	-1.72891	-1.82954	0.798376	1.80671	1.4467	0.864672	1.98646	
-0.818622	1.87165	-3.22775	2.98494	-3.93377	2.44327	0.104157	-7.85743	-0.919349	-0.76718	1.07565	1.07204	0.271412	-2.79986	-1.52567	0.472412	1.64594	1.42352	0.98562	1.86428	
-1.58084	1.68159	-3.39429	3.12191	-5.48152	2.38988	0.249268	-10.6361	-1.02763	-0.371836	0.846464	1.2349	0.452746	-3.76131	-0.974568	0.146506	1.67724	1.14724	0.969427	2.28957	
-2.3857	1.44345	-4.22368	3.00958	-6.86432	2.23805	0.193634	-13.0667	-1.18127	0.191556	0.59487	1.61113	0.62568	-4.48311	-0.371857	-0.328261	1.60127	0.767079	0.988391	3.01537	
-3.43706	1.18117	-5.07097	3.06146	-8.07838	1.91659	0.115771	-14.9034	-1.45253	0.691435	0.403229	2.17796	0.772737	-5.29451	0.198371	-0.992963	1.43487	0.468521	1.15145	4.33754	
-4.43211	0.836598	-6.04353	2.75245	-9.34518	1.84449	0.107723	-16.0953	-1.52684	1.0671	0.324039	2.3921	0.789242	-5.88913	0.266399	-1.40086	1.22351	0.0854827	1.42079	5.50527	
-5.68366	0.443054	-6.90623	2.44542	-10.3202	1.51318	0.215257	-16.2616	-1.74624	1.38181	0.0825091	2.56365	0.911508	-6.17337	0.455385	-1.70569	0.899083	-0.269576	1.60649	6.55311	
-6.92397	0.090902	-7.42758	2.09343	-11.2142	1.14888	0.184141	-15.5811	-1.98904	1.60287	0.161151	2.77756	1.02085	-6.43401	0.164925	-1.92711	0.4955	-0.405316	1.8675	7.49227	
-8.11343	-0.319654	-7.20684	1.91162	-12.2476	0.91513	0.144148	-14.9934	-2.06555	1.61168	0.298528	2.53824	1.06634	-6.43512	-0.368396	-2.15296	-0.138848	-0.452776	1.90798	7.94847	
-9.27973	-0.469724	-6.62623	1.57829	-13.3615	0.512976	0.196712	-14.5082	-1.98406	1.56598	0.665517	2.41862	1.10852	-6.48565	-1.05225	-2.12529	-0.582783	-0.514034	2.09246	8.06425	
-10.0139	-0.650104	-5.21858	1.30292	-14.5232	-0.0234116	0.18255	-14.5194	-1.83703	1.40631	1.15259	2.31799	1.20775	-6.40081	-1.7869	-1.8646	-0.982902	-0.447721	2.3091	7.63756	
-10.5806	-0.613382	-3.83491	1.07732	-15.6433	-0.361722	0.240312	-14.4411	-1.51438	1.30036	1.76828	2.15867	1.18836	-6.37859	-2.38475	-1.57795	-1.42331	-0.392	2.29682	6.84045	
-10.4346	-0.702745	-2.46509	0.905648	-16.2117	-1.06554	0.323208	-14.5609	-1.34283	1.2934	2.19892	2.06659	1.11684	-6.13755	-2.60929	-1.34378	-1.74207	-0.324571	2.32726	5.82416	
-9.93173	-0.559714	-1.56296	0.959121	-16.1082	-1.67751	0.335413	-14.6165	-0.927011	1.08991	2.59779	2.29782	0.783057	-5.58335	-2.76627	-1.15467	-2.0605	-0.151639	2.15478	5.09275	
-8.85835	-0.628957	-1.43958	1.24127	-15.31	-2.33915	0.2792	-13.6259	-0.718619	1.13329	2.77108	2.62338	0.895117	-4.95572	-2.36004	-1.01074	-2.13783	-0.148729	1.89899	4.49335	
-7.40157	-0.524827	-1.57338	1.53904	-13.458	-3.18457	0.344475	-11.6542	-0.607226	1.0615	2.7894	2.91845	0.903679	-3.56148	-1.60711	-1.01387	-2.13223	-0.120023	1.36267	3.99581	
-5.43886	-0.573866	-2.42765	2.13392	-10.906	-3.96064	0.144757	-8.16392	-0.625815	1.22786	2.541	3.16752	0.966196	-1.8884	-0.690601	-0.962015	-2.13293	-0.175402	0.956082	3.53156	
-3.37981	-0.557358	-3.22209	2.8459	-7.58243	-4.769	0.0676008	-2.85297	-0.821113	1.18675	2.25342	3.48246	1.27518	0.537489	0.208426	-1.17397	-2.02315	-0.212816	0.183033	3.04869	
-1.52946	-0.52345	-3.79396	3.63248	-3.54808	-5.56837	0.0853161	4.28382	-0.948825	1.24338	1.97538	3.88014	1.916	3.5211	0.945722	-1.30616	-2.05942	-0.00510927	-0.389956	1.99137	
0.512226	-0.539057	-4.10462	4.4562	0.767021	-6.61733	-0.0948879	13.4425	-1.18508	1.24475	1.6338	4.30229	2.65136	6.67965	1.68378	-1.50642	-2.08324	0.0185692	-1.26813	0.938845	
2.34862	-0.653281	-4.09652	5.42218	5.16791	-7.6314	-0.212101	23.7709	-1.5343	1.1487	1.22176	4.8117	3.60615	9.99904	2.16867	-1.693	-2.00056	0.130622	-2.10117	-0.708418	
4.05053	-0.555507	-3.97189	6.42567	9.18183	-8.41352	-0.363191	34.4154	-1.75124	0.970176	0.776684	5.43201	4.64025	13.0061	2.82172	-1.76482	-2.08428	0.181343	-2.73676	-2.32346	
5.50243	-0.566008	-3.61085	7.41003	12.0747	-9.2942	-0.505174	44.1692	-2.03029	0.494955	0.449732	5.85997	5.16424	14.8235	3.50349	-2.166	-2.12113	0.197542	-3.3276	-4.11311	
6.54723	-0.581144	-2.94364	7.82747	13.7602	-9.80384	-0.525073	51.6714	-2.09027	0.174913	0.308395	6.49628	5.74147	15.5612	4.06243	-2.39698	-2.15511	0.262178	-3.71377	-6.14186	
6.94941	-0.654836	-1.78838	8.07747	13.8135	-10.1255	-0.581032	56.6678	-2.16438	-0.21182	0.228506	7.18322	5.9864	15.1295	4.42631	-2.47543	-2.16422	0.463479	-4.16647	-8.00046	
10.8432	
-8.77466	
-5.75913	
1.64022	
2.18615	
-4.89837	8.64582	-6.02707	2.05517	
13.6506	-17.7046	10.9658	-20.1041	
10.0532	20.1148	-7.06503	1.72673	
-14.3246	-3.13094	-27.0698	-24.7871	
-19.5979	-7.97167	10.3344	8.48075	
-9.04531	-17.3809	24.4288	-27.3575	
11.6566	15.8506	-1.00689	-3.75944	
-1.90705	9.08587	-3.45144	4.29285	
9.14105	-19.1214	6.12624	1.85243	
6.51301	15.4495	-3.04511	-3.91281	
12.7543	-7.17668	0.680728	-22.8442	
-11.3936	-2.4304	-9.88218	-12.3558	
-6.19623	-21.8497	25.9148	20.1751	
-18.3457	-9.77881	-15.0444	-3.26558	
-2.25295	-15.5202	6.82415	-15.9847	
-5.80663	-24.6338	14.0366	-11.8996	
11.1684	17.198	5.09872	-3.49052	
17.828	-3.14796	9.08604	14.2811	
-15.6534	-11.277	-11.7694	-0.754346	
2.18471	9.90864	-3.84211	8.43658	
7.47103	10.4076	-2.26932	15.1938	
